3384199794
531075131
1331890522
2468447339
4125817733
422018805
3112147520
1544426979
3806295770
495963899
4157562721
1476662109
1395975792
1616531519
518466274
3300701903
2396227860
2825874657
4110212529
159934562
3694651530
3892113156
2690115924
1849986898
1461030266
2788614270
2359779798
3803553187
1068116457
1294698233
1786879323
2809939915
1162635421
1689836020
1488616209
3433603475
1861171573
61494441
202130648
3467932422
493481115
2457799012
773090594
3366699115
2018262458
2035634287
2543006260
3444345477
3181537278
3659194237
1253216142
3164493985
1710947744
3182838733
990660470
2498632666
2083767975
1769282343
3037407063
3165352561
3334478823
4243717022
3916819480
2532502298
3487653324
2712595692
88212183
1344385536
698457345
1529860798
8762620
818371922
1826572672
3843364950
2156310796
3334365568
1631027874
3133849935
1140604502
2721790297
1096742029
696154840
423173934
92386187
2263436567
3070836388
1527434543
3108635149
1400767049
3624303814
2142760243
2648586861
1693703128
1608678342
2159217314
4120255767
18013429
1817986249
2939487999
3448665392
548093863
2606934063
4216022850
2232570916
3425882754
1318617798
4173630898
1055197969
3873083763
2280896240
2204344902
2942019197
2045538359
3772244731
2325436224
1654120111
906377197
1250658116
179459958
946326099
3513443593
2802222735
3140963398
1815821872
122583736
3584153184
1223159119
2701652666
1214825468
1913152352
916535312
861939747
2430557675
660778888
3101022759
1723959802
2702343479
561488269
2121617826
3775193203
171710324
3955440283
776866646
3838380940
109530689
856065996
721155449
2543754021
357690611
2302319103
1286176592
2692507086
2676604307
755898188
2937820562
1849797335
2863254523
2818173090
4069834779
2748838566
2222221843
4102981524
2772150851
3314099211
1406354356
1455031404
2524074648
597778411
1717780403
2976981373
4083456782
2756317828
1421987273
1731912934
56823559
3572673696
455460699
1105934838
705944645
2874122843
1930056880
3443054577
3339479525
2964578275
451690975
1416016816
3527684086
544459580
1563750349
1814889463
1762698386
3948622410
3447620705
1782608154
2427979629
1794582115
2643506908
1512242996
3875345048
1783527327
1548595607
1875395648
1860888759
1410315002
1036814400
47540366
369438145
3964955597
2376946292
2613260979
3230656230
2171542806
478136743
4041202277
4203163086
1366232800
2803060657
1098922289
3187428692
1827090574
2079335216
1917868808
2146103705
2841302322
3919119493
712246638
3892423222
3913215422
2275468119
836693299
1685317327
1457377992
2974208156
548093899
3143841488
4121071112
260329069
2085078236
2162156086
2075124219
3151557390
1116516727
1119239714
4100310448
2327337798
3704898729
4253128920
1912329731
4255978067
3157961322
688197882
3070646942
1154066577
106573213
2564269970
1780598281
3015262171
3630640122
2261872601
1035191017
1064853270
1479328698
277577192
2473775472
4051830640
984215755
2632493673
1546095166
2514358216
1467374152
1623079984
213418430
754704827
3025437391
430590210
862948223
1516277243
1242916302
3611891293
2939172297
1528509643
3645352876
927948436
1532880489
3886853589
4263588178
580214599
331321705
1570348826
1504394960
1806360232
4137502071
3766062760
2122284739
2936187420
4086181593
886415797
1569140136
3792342525
3572205302
417922268
3483962029
2071416603
2418326190
1792076587
4070190017
2539052570
2455281209
2997760025
3319929996
448104766
3737725140
1742772531
398348360
2876482517
1190665271
3712003363
64280708
3047484796
353933134
267691718
3061284548
1052168364
3068222218
3943782492
3022447591
1089120702
2473871749
3747169687
1058280949
3608542091
2213660869
1436082978
622782200
1709067018
2885620799
3797056696
3622024884
815705816
2586990953
2983159309
4210777065
1771013152
3424912299
1504569779
3067107458
1520312477
3819819079
895309560
2650295479
3551764194
1433956115
156191670
331765561
3241052303
215070943
3358447355
1690417859
1723813079
283888037
1734701461
1928968732
2008954231
3910821777
1444149287
2468711621
2111511612
1488179296
1755429885
1655909286
1878230701
2939494272
1437655326
1033348783
3889810838
568354844
1096314512
1700499195
3422358726
3992338665
3160954448
17426148
486681465
330878058
862307866
3880334223
2723758651
1245191358
556457150
452181984
1141546700
2013227234
2376393045
3397373231
765533519
3082707177
1172294544
882574992
2134811130
1059050
1909683792
3616328212
429798305
420529469
578112397
1501525995
3004050710
1865077139
109334843
1447969307
150495030
2228862456
2411841500
2230607762
674654212
201874625
4215047234
2930864934
200128140
3018812537
2191323450
4252326918
2221666093
691744601
280396806
1737259086
3329151416
526694988
3580550292
3590806379
2203545136
4044936895
1465826339
3357891123
902514851
3183298864
3177358732
2033295613
2024504034
2533122026
3831161754
3451727171
2901220020
4071170085
4245565535
1694535593
1580103524
4177213264
859255499
2789487332
1598918737
4029695243
2124897410
33181441
3867809899
2767381978
1005023804
313061245
2940458582
1433707256
4234750338
771721181
1742965507
2133836687
1478486858
1403537913
2549385203
144239364
3074270086
3296878285
1153814991
2867446552
3325252919
1362583934
355030754
2742923119
3215910641
3586067052
3229249387
2959877540
2105359337
874196409
3042956569
1450704123
3161156675
4274358343
411722177
3437313578
1339506936
927082189
3438404136
3500347809
948411417
826894855
864945732
73092740
2028508047
3844210186
1939206788
649021157
3202929468
1843661566
533514657
1395492973
3921547789
3104188993
3771069256
3383772510
712317931
4229114331
4178825989
442221273
789917750
3440531164
235434896
1508829930
101341608
1016143328
2858617244
1503682278
3762152480
3639718628
2757377238
1857395838
3079090940
440466260
2430800333
3702021907
617819616
987280039
3172319149
3283577225
3869281991
3118578824
147116105
1932334784
4171757089
496515861
3236254050
914374103
3963628067
2491087129
4196735217
2148164087
1620756271
1563931769
2888860542
1124588823
2184264670
2661483972
3923481014
1511135264
3637922740
2589440984
2541710797
552984359
1031199492
3524251095
870799600
521507510
4018657700
1641259193
1630823100
2283063712
3089147207
2621237848
140507098
3636773872
2637804223
1188096624
4095163483
1634724179
1015692817
1401472199
1097127858
1492619426
820518303
963930395
3845859565
2984063654
4015411624
855261322
1574859237
274114975
2498784363
2018354419
2100743235
4282191577
2703755341
518891973
4180339344
121632044
2611563025
3322277173
1063077766
2468488977
2033072599
2260306718
1528080476
997675882
2400037431
2190002187
1455302596
1506022121
671832873
1579943304
2210506023
740315612
3117526793
4265655066
2153972545
2584310911
1695387701
42855123
13661221
4045589373
2326072732
444553025
3374311632
1126220048
1390104178
4068656706
2094583440
964083114
2140293801
2792610786
2421809322
1331105507
1361333057
1414067924
330109818
3885958415
3047684306
1385281911
2864022155
3768528234
1525132523
156717242
2811850582
4231119608
1237043957
161288088
4006919318
2398279376
985622681
872028584
814216074
1196941405
985576379
2287756386
156399893
2255651204
3364033759
2000462754
966475962
74363300
681255342
3935824460
2098361836
512675793
318333561
2795953046
2759960123
1033036115
3941827310
1505920505
566800205
3017128804
3357492985
3658803555
814820816
405719328
739942874
2551469178
3369171094
3981741797
2334844719
2704856912
2243600162
3873819154
193823960
25575462
4286246301
1297701879
2278539450
2844773828
2383335417
1875998515
2276331150
1126356670
1642823635
2698304185
3864702724
3135538119
2187386249
3050109855
412126343
2751454436
1042029512
1822929466
3335761924
4285351577
1326742938
3444869242
1644167042
3756743864
1635050913
1621800532
122668447
1246117610
571155338
3585633364
3794951010
2677763101
3076087317
616478361
3606319349
1456162217
2906404749
2207658318
2165243394
1951739188
2220006634
1468299038
1674031314
93439822
304553407
3376365327
572013697
1961437916
200410324
3754454914
1985246952
3828425604
1011794688
3607115616
2880700508
733862250
964172888
161209388
1787309526
3669162070
892003321
2277658999
1996417511
1033414705
3320157746
962492094
2295082820
604998332
145134926
791359980
66290187
197469411
960398802
2790598042
42146464
2420484991
2465285240
883100993
3079339769
200521558
2929435719
2198112908
879803862
3761088853
2336264764
1249178649
714851880
3713698650
1506151466
3502007926
476206270
436147379
391216112
1021060572
4121555451
3090964454
660369133
3206988597
3814393899
426630484
2066809907
3859302632
3058602068
2219556944
1413572378
1849103962
884988295
1196754340
688668438
1758915181
890714693
2489434876
2748821873
1348055067
3442928143
2740861806
675597025
727342650
2781408539
1365311868
3016535956
767084286
2501971036
3924157155
2311629935
3073891468
759363832
3030507125
2681783154
1945648174
3522497338
494177797
4146678818
1182386964
715198579
2921430707
2326892602
3749355371
3322398008
225924903
2333041232
1518401462
4113573908
966158708
2598516096
1468297145
1277523963
2457574046
2341796699
1427933359
1917808953
3523316404
3750073939
3802228364
6257324
3593597908
1242238399
2743418482
2051035338
759014084
2464795609
2494199037
3979209828
4102077911
3480027366
2489189603
935357936
1923336526
3630920602
3309947346
3638621671
803251507
4081811298
3809200221
3488338642
595941313
83492007
3943721471
779541172
371304614
544715354
3167589016
461727080
485314083
2689263032
2677958646
2730867023
3938981706
1032494681
3613944323
1138633693
1332514150
1343638381
839193939
3987057259
519509359
226405577
3444380152
4118110458
1241391971
1177216825
1822366988
2768628481
2452403857
1797517755
1019008488
709364246
4002244447
1944478819
2825043491
1197462554
641760493
2576495678
1130997222
527375321
2027004143
2794486191
2153209659
4149306441
1947362862
2119086255
1362198900
613241179
1967476624
2493462407
3198671569
3799056130
3143094120
3427873145
1529597496
506554428
649765819
1344390515
4234072680
2693786499
1911664557
3729716301
2355929912
3201036010
786313427
4244206971
2078880176
2812871909
3147814800
909637130
1281795542
2809932372
1311936702
925705148
357040465
443290148
1554087406
215202339
2138545852
3745430001
1099008810
3975275611
1432621818
1452677673
1013394819
3611558445
1428475677
3710024690
3164339557
2145147080
2037072551
3650263148
2340271851
3242127836
3027553412
2593977628
1503140088
4171696694
523264327
822075599
1983986582
2999663203
3181547026
3458685026
1964877923
115639450
3193801181
903097823
43046179
2344037757
2760746473
1952623834
3597727989
3112613760
1555247787
63436502
3654658114
686529334
4132043239
3570719406
2050216013
261130295
1575467649
3974327702
3027002604
2573971594
2981536441
586238411
3053537742
2430253957
2338303576
2118747037
381271019
4050673136
1907694814
3089453705
1007216016
1146312018
2493955040
819077275
3491507699
995792192
1453763689
1976921264
1764803494
1967750016
2966702164
930463607
3692407593
149383756
2611815032
1880580975
3480245367
2190691928
685241354
76457234
4052269262
2254388825
436633469
3693978805
960794084
34833372
1982864122
3267951563
1776365700
2134661109
3243741647
3913488983
2462029596
473389599
2422607997
4217714665
683481263
4254164568
294008119
3481035135
385163633
2059928866
576394542
3505599939
1840611401
318919302
1050961366
2971002245
1593131483
897161177
1957030441
3374565628
2364231420
3837424469
2311520690
1876424286
3633311295
2153913036
1820465702
745087555
4272510488
1805589773
3331875906
4004654521
3586849517
2693650095
2607274652
3449405395
3698848848
2480378438
452382923
3488322359
202515653
3065795884
2638727952
3240427076
2074012925
2508822858
2188544443
1639123432
2181464133
2509597739
106186850
2738155371
504772457
821316563
3576786303
3152363910
2737706121
1572738289
3027981998
3383648869
79939989
4030427282
1967289935
1264763384
3366338027
968191713
166765266
609865606
481567547
3404599293
183572884
1104218843
2842990504
2803101298
3602762638
263214687
619373990
3482146682
3686214776
1489939766
1442013969
55884557
152150651
3541604315
558546350
4201697022
3644456055
898890539
3937364052
2489311364
229705528
3392874720
4160970307
2640864290
607848347
1375605604
1310986218
762076369
3684262187
2945173562
404416640
3347343572
1171083490
2550891234
549661436
938159747
3430591453
3938334236
1705135343
1098774303
22876933
3032190560
2858144058
3491518389
1277643821
3842913071
3209706044
2830828512
2057361281
1858838345
2789909616
2196439926
51322526
3958827767
723675059
1244534088
4108947088
29582037
1235417375
2887878901
2303975984
2672714845
1149020893
537952302
3464900487
380599384
158353400
3664540554
3638027424
3008895198
1416852615
1027948934
1357390012
3167331586
2083815891
418479061
2373605202
4292299896
279775105
3225779060
4098894171
2121081295
1912716514
112417597
2000157040
2229375505
483360167
1028115251
353448011
4252308804
1139749543
2486673778
3256004219
1048275245
4057663094
2762191943
2132437143
2474634247
573510523
960965145
3342263393
4015301607
1726589722
4118857474
4216561012
3892302238
2441721284
1574601849
3778071206
1569600256
1166033321
983007602
1247609310
2413666296
605776426
3698500624
1069312731
1594058192
1715980756
1917301485
4100921905
3433532159
62590227
1016831737
982388852
3709199576
3071748003
2192940296
2975168724
449017799
2568066415
2171043617
1368436841
1085732116
3697660567
380942847
2880955777
2603751538
3034024023
487359027
1358435313
1678210844
208029556
384634069
3948040429
1304912452
453317635
697338611
1357708158
2204095331
3484123439
826929042
999194616
3307347827
3800926732
1454064360
2277610443
1212912901
2757594690
2994965375
100309912
180122244
2595177104
4049540709
879862746
4159260828
3613802542
1016964399
3400940194
3948059590
365513771
2804319501
4098260484
3297499496
3182355446
794775641
127205850
3289742057
3218590061
1762954395
3635044726
1677172427
1473349900
2587792177
2219821502
2242612402
3647281323
677626422
3371788169
2687652425
392850519
1683914565
1431343129
1352649341
1079007558
1691964623
1820338334
2974080348
453280697
501754156
2128638183
3792755304
3830062316
3822216906
1889597145
2904596994
1411779196
3367230195
3813606571
98382976
4290764836
2662863697
603727395
3866001033
2395889155
1861683056
2826117167
1060539682
41701917
1018759612
4221574776
572668099
748982748
1334760953
2270514011
1077662473
615968533
2512763614
2123034601
4043855962
1413997706
3026847471
2457327402
4015327148
4114331324
370061616
2916516573
1544071697
2245373616
1754283661
3102353609
2105455397
715650921
4029280678
1746975466
2069365164
2800554901
2156701107
3986888497
3827445167
2115988279
4154121736
1063969943
1736585182
3228676767
2470818240
2478571979
1023460241
2490459842
3095557960
1101982154
3680342196
671209363
3058075030
2697078807
2893223906
235469267
2594365274
1521039156
1888974906
115280924
2545309644
441218655
73736992
1096965769
2364149411
3677798526
3218599512
2894671772
412719591
1632305269
1912733422
3875155970
2974821680
2228017035
2197656646
3358576862
2534823043
887576195
3608082457
2287345930
4150822367
1888799100
2819634767
3884637654
662552067
2739400669
1626149743
4034374567
1521868755
9043582
4209126872
2682248402
3505355096
2081582604
3893586986
1102693777
2899656898
3059906167
601539952
1565212153
4042427490
3180636097
51920892
540054902
552210068
2578263774
968928925
2611686883
2328572401
1240046472
3480991715
3973705235
2392298113
1997605307
2875889083
2008833415
2330710036
2000808926
2183049402
3620127320
173578162
4263962475
1233102421
2974759969
894277216
2977311842
1455106186
3936867944
4047781696
674412913
324944665
4186210466
881083617
763299321
3109674333
2450298685
394547081
1726571068
3080353727
2210058497
2514866178
3068092881
3599858754
1495929672
201878075
993387727
4124610587
2683681059
4162022458
3354533386
2021866939
111285295
222133956
4273304024
950377765
545369939
3943462867
3928467065
1735646633
1030921678
938269487
268035220
3240083456
2389022355
2061739222
1805925845
574474427
1816465120
3207227155
2919878682
4037212648
1514124499
4194911486
3171743055
4035346529
208677517
2067276030
3165875735
3285854797
244393210
46992820
2508428366
4220752721
1702190477
687073280
2533098784
4221435085
1628991588
553037061
423005912
1502522420
1204411719
431700864
1828264351
84319100
3233120448
1977927229
3559429609
174513153
3433115738
894983083
2984515695
3981286771
3577918794
2574523086
1262061579
290799589
1199994738
4023326006
1244163073
1277943013
432183273
4137192718
388414090
1530698203
3680568521
1846428436
3566272149
3780214206
524583622
3225917510
3791197826
2960169808
1472547070
901469035
2019312814
3712040980
1586912253
989343971
3171906505
3912431225
940480047
3061004773
1809574994
2566974696
2454517429
2444340330
1761377838
1339619450
2197197397
3379998533
3206885200
2281928097
403359019
2725737212
4174445222
3575839758
1865592336
1326903933
2584280303
2626690553
1436022792
2873888589
2340040905
3077627817
193745076
1228390182
1679812433
2029544435
1060081751
1652761063
3619624332
3696112967
1593239589
191932911
2081406377
332027485
805371817
3808560648
3360232831
3139156676
2676878408
3615823626
3485455453
3479045115
2516651737
3209095689
1727447026
1047755227
2241173375
1438791673
3124240085
2865546159
1863726527
2490156600
1361615233
21759889
3600657927
3035319861
4030270881
875735358
3958868698
1445002380
2461865799
511959232
647992003
3406593471
1842330244
3136127114
1311190237
4221467648
2212465104
4264083382
1185129166
2413133428
1054357805
2116956737
2976250956
1605597938
3115882929
1968478584
1988624305
3482666846
3052801402
634642424
3519818215
2664480976
205135189
3247762435
1595146690
585908743
2036370801
1402463901
3508942409
692642560
3591241395
3112541784
847512405
3676212555
3051456921
4058721245
858854540
4103160231
2626209569
1594883285
603896776
2637022280
66095414
959811503
613844078
1160802371
2135216184
2117077567
4075237400
2889534016
3069490273
2489937913
84369520
729177695
96433528
2170443318
3902460028
1114433235
1558904607
2073518778
1577774996
2654035414
3682608261
409345631
372064695
1363894339
3947944267
3826931802
1195475730
2188348101
2209678701
4207620908
1403765521
3640981355
3208023572
4098826247
1186961011
966049450
1100777174
2094031658
490752749
1260578659
1220930108
2137218813
81175070
3149529770
3729813818
1731928554
4293417836
1642746855
664360877
1666594572
818551294
4139447070
12546908
2507929731
3404949888
1839368502
3614436147
1257883525
1604399247
1430739927
873521714
1919177215
522321012
1654191095
3255931317
521402249
18516216
3503474121
1070978389
2493530323
1799121677
2629491227
3139662313
3874643753
2078181596
1628948930
3649455394
1345604453
733331705
3939651767
3132802870
4113842741
4040262376
747331596
768953605
1783634102
756422894
2761659669
4086378573
1061691166
1884736346
3448765035
2636884634
775490418
515996722
71121061
62997231
1510280661
925217708
1892943442
315725915
894672513
294899660
2483705002
3493584896
3185415897
2031235932
2046876863
76432305
1213006675
2486804512
3054542566
1359003018
4227516477
884335893
1161265764
1571761493
3069829434
991656317
755410398
348045493
3066562101
1770989086
3205823840
573048862
1836508956
3408632679
3736217758
4266895650
465452710
2933335223
1364943059
3570585145
1965758177
3111926091
4144828524
4025780024
1348037686
3849483770
26098722
2385910248
3835079262
2766634669
2340892789
198839056
1715953236
1333475547
2274021802
3028812943
502780623
1532885223
3885090573
538645080
3179032613
3126509021
1525136185
3093480022
3371512322
3639230838
2061235976
1103561836
2001448897
1037316785
2913411996
628523402
1706205729
2083337643
452060772
3111383946
2565655787
1396064388
1912109001
4231271033
3152097343
3683533806
1442284434
484344121
2532281999
510901280
3625679503
32406718
3739627388
2959748129
3790364406
1958178051
4063321744
2835736474
217029365
2750966928
1558974657
1741309298
3658097132
2993083883
3312623384
3662569971
4188783214
3501486391
2408724691
119812391
2144641949
2257897809
3829555004
4044147300
3214980329
1986645925
3065877993
3371100709
3930800667
1487389290
2977523877
794369873
908844212
1000475147
4196704826
2012229157
1419550124
760670574
3312312721
2881124499
818434056
4196190268
3654055771
3029082599
3940170992
565527159
1446665053
1896958825
2582975103
3521821583
1292401239
3508837080
557844395
2893130799
1466206805
1076249311
114560292
3010565992
1839071523
3482241595
651918284
3774696685
3436404450
1795676436
2129848214
1222482674
82823518
2615676817
2164212449
1369377162
1898699394
239164096
1367456556
786596439
3304538340
1409163574
312765386
663956465
3457414941
1401161624
3864744206
3352936017
322816505
763847297
3973819273
2022922788
3936302818
2157384480
411433362
3030152876
158983460
1275004117
363078560
1843854294
592491318
2182064374
942540722
1453221383
1498197414
1020928611
1048052067
1793290242
2989081846
2309768213
1331269574
3423657025
2338696855
879002098
1717158217
2802194215
643872119
3776612738
2172009792
1662745969
693258987
406537284
2705204777
2003021184
2657543911
2887353461
1491352667
3372299300
4104512995
204431410
2385311897
2989846824
1145341576
2513515272
4116349275
3968272043
4127330284
2078020231
2846601302
717095691
3261826138
3362497020
2550650263
3582809801
68644209
2466338527
1181029690
3896728583
3546343963
1248192634
2363229712
1151584433
3276213481
760745182
3976640327
3040962861
925504500
2576295418
3451535952
696701430
2103262177
492020823
2369929674
193477796
1621239612
927064064
2884529071
683231109
466445049
2529064708
3422744049
1475762744
2693353797
3101525108
4126093537
2449309285
731891059
685066235
3107494147
63717413
1238499599
1769311813
1554068985
210768794
1139478743
1916149923
4154871927
4221434497
2778798622
283273290
2806229503
2869919823
3940274711
562585047
2375029486
2261929459
4140093821
1167705204
4181754026
1378370112
3917641722
2519366776
624680905
2768260292
3323374567
1579865748
2803072995
3660889777
2990946346
980057832
2637728508
366077052
1026871649
1866489679
2190176532
2727290967
3148734865
985274448
2206777764
106762837
3522350816
651763957
1340053459
712784599
3252933333
975186268
887519035
568971726
4207953487
3386523808
2416490500
1800549435
877028361
3495206410
904794380
452404729
2286640056
847128143
2064415389
262231932
2709709463
142923342
1863753288
1752398779
1946215212
3955179845
3647766777
3060215520
1465096188
2487026998
585986285
2282230803
542803004
1873110611
2431992617
3955009991
4169711187
3216846083
889798520
2061671572
3435856979
952177512
1567145333
247681671
654218986
3742239995
1705068219
3158440682
21268868
3548695409
1003347834
1130880693
2374098329
3358388377
3730406938
138796340
257327267
4212538735
8181089
1812887572
2950345341
139858876
2511794715
550933318
956519482
4099240804
2680827205
1351493915
4003990593
3460353443
3773476449
3406634223
672268598
2867157774
2236411997
4153814816
1158246717
3808929684
1993174144
1858670482
3409824702
1401168303
1921818835
2592586178
4163614974
3399263851
2763573336
106112481
3535674543
976460809
3834745568
466368422
3834525360
3792400949
3299849498
4252383613
3544387024
2417586176
1204133357
3402292001
3618829468
2514459970
2560162974
2172022051
2773690345
4151410675
965804141
2904589867
2398476226
1213866944
3628891563
4023622200
3042900749
3278427849
2034449752
1492444646
2193988738
1024580824
2623482233
101742186
1127332762
2931278217
3245621440
4198566375
4232044458
2092988665
925138559
512739843
3621783264
2940597558
3075361662
71418274
2531340155
2095244074
1005340904
3548985175
2374871316
731096332
3733002515
1864456700
1826604837
106643661
1027101561
3512987544
2704121608
1390529820
3192864321
3631215210
1861121344
1576435541
2323074588
3402106039
1033495164
1449642396
977936884
3703905626
613812611
203292644
1534252815
2773865589
1607537970
1236043203
585929718
3969309643
3461708825
1942605874
1507046308
1027464149
3013368387
733760226
701982381
981700372
3208517162
2984353071
1253544690
558197139
2629672768
3968714965
2663741035
243939816
592458509
2257242125
1364567820
1068739243
3272521881
2849684662
2049616428
91841775
370217126
1152933069
1534828376
1197670054
858517196
3093631175
1129085221
1707517535
1795438534
1791866210
3179712238
2536273656
4807091
2572940502
374972979
1728143134
2658452050
1823003145
2824637482
2445042431
444277032
3383746139
676816322
1091221159
1207109536
1497672093
371236285
1319753714
283197583
3989908123
1944302056
382586751
262212690
352738560
124791710
1556019937
2502905618
2327616755
729457996
964796492
1296776070
1194255405
2144926304
1513074136
3113221657
2767325778
407773400
200998242
185876224
2230796521
519178414
3663078266
2866761216
267113490
73771036
2004526801
1430604714
533141650
717100910
1889049857
2046468642
3000570909
1331910159
3735950707
2330081083
236451362
3205696525
1771847094
1117130046
3274593484
862117282
3121108199
3569302402
1930531343
4193283513
2352392498
2784660491
2195561318
2960338304
2209082464
994162907
674455541
642420970
2194781946
516081049
4164908031
2103377970
982648727
222964562
2274447665
905354294
1494589401
4217418347
3826388505
1171319474
2045514584
2647267774
3184563026
3762056440
2840789327
3184538662
401716423
1067863561
686955188
3612598156
3710912992
565471237
2407939226
2676720897
34624223
4243273156
28201135
2249587163
2955860758
1477769195
2508952094
248105828
776141618
1216914024
3866318422
3979284242
4134106426
2844103168
3454613309
1269665092
1919475956
1709925138
2375607286
2592194932
3120251669
2288548964
4106895256
923822403
3902602144
3383538410
3668419276
635342801
2193070383
4101017789
2419992921
2988487671
2104287512
2085242139
911565366
3781965539
3757407532
1520759540
2025933719
479490061
917053258
1777708787
720376267
289907720
1047915755
4185401511
694274373
1165942367
1735875319
504038530
843612425
3713933234
3024023270
4023512647
229410321
3472999353
3995800062
3818926473
2667494018
2320859243
3286234312
2048917563
2620732786
3654433191
1962018228
3930899815
988915021
4247666608
560666989
1564487572
1299730328
1510455696
2063094841
2507403060
3248247772
916926229
1362775341
192044901
528449405
2182719596
1695865896
1785095434
4243625278
3383350326
1264176784
1099937580
2066779163
3567137259
2572830030
2173270822
2488001381
2261370938
583409455
636978720
1516140968
248885394
3492748653
2622972905
1588363449
4107141402
3468187589
2558273616
2760328627
664362735
3022198169
4241490120
3056651011
2047583167
4248546604
1368160566
1855879463
3772807266
1029901969
3601366927
1535198173
455634963
3509167084
1548135246
189753276
1017964009
4115863618
436454225
2184339719
3756398187
1020785809
2736616984
3846804028
2919229357
3743972435
3040139713
1598942207
2284963326
2047396814
1708205586
2680297910
4148774829
1395633144
3983838688
3158320266
3971385944
3277379253
247373614
2083870295
1904463276
4200150901
1325463808
1135801928
3406532369
4141954471
1309847898
818080696
3847853077
3638233634
796239227
2782841638
139575041
4287915987
3259751996
401014659
3085564875
271358503
3750011466
550878663
2938682041
2740543848
2942783340
2147216392
1364166759
426721041
364331349
1775340554
1282668626
2929378841
2461607196
3339629649
2038920439
3848507723
1705478621
1911515499
250759155
2732794972
235135746
1486695925
1433650455
4047080740
3896098867
2459484566
1287137682
3039588930
1657914909
3426491031
4077310977
3568493224
3045321885
588572196
1401929536
4208728786
1760447838
1191716994
2062180125
2069680446
2162834425
2147590538
805512941
1614364060
4004948619
1103035554
179879896
625292558
2784235711
895006109
3068302564
2471951871
306905635
1793535184
1460487712
682120478
186839635
2572626918
1033577771
3951248365
2547831502
3161867196
939975892
1528567001
732180433
3642141904
2697860922
662047137
244343803
1662183848
3171070568
2675051215
2182725911
3330533583
2472286521
4197037008
3637685225
2894136682
1611453218
1213907655
960902549
2289728972
2912816379
3025503871
3579992542
1181998189
3460312781
2871524471
837599754
1677772607
4275074640
708711844
2623399044
3928097372
243310553
2954641091
3547693201
823312870
3048173738
3433773614
1491543593
2146566882
1522620849
2063027133
3440992243
273940547
2095480157
3455013510
767231923
1263664398
1491334625
957713819
625067491
4224099063
743005547
3365316467
647087712
2093008505
103073291
1238550554
77404423
2026985804
3139777380
2718624661
2162990304
3555776192
2605698416
1170587185
822598533
3945179529
1009639574
2028504918
1065124463
3408643039
3999020514
1535701546
1173654598
3026209741
2291743483
1350911766
2021433157
1686674914
3277583359
147512652
3460410853
2548554524
1144434783
4294680240
974591554
437146733
3546872261
3213748076
3964077533
4128759521
972400863
916084985
1272284419
807562889
2119552645
2082059323
685914486
771232767
2504141517
1404350591
1290058886
2273140132
738697096
1757072100
2738444785
1584442384
1506237456
1416550320
1359636197
2836035336
1986612808
1579819346
1707849095
2890127932
2382317169
1380022598
2700257578
2787548953
1243656651
160127068
2323373245
2805640760
2880522370
2593772841
1911833960
2228393533
3983948870
3278579732
1098546964
2902052473
1663831701
562913526
710356092
1332121470
1663643415
1068574346
245696694
976481541
795690153
1026300316
698068328
4258684219
3836096559
2205819914
3674246668
2772771833
22460849
765524734
2772921678
3122309915
142070924
2758096853
3868516701
575034093
3191882310
905671320
1079731481
4124214713
3055945961
2915429111
2645072099
948966742
925353733
3556529713
2294919741
787890167
2465853414
2670955178
2046536477
2753637241
1995206441
2204423772
2207595663
4215113747
2182360236
849817624
439834498
1338433813
2265249661
679044999
3511145053
3793566829
2507580254
1927720830
2357162953
808662840
267378049
1968114199
3091179682
769929559
1134774112
3638132779
2342300367
1952686128
3821819498
329793098
3450848024
2130685106
1625826434
3778833641
1721818310
349223021
3804237624
1311800537
2952127636
3785141348
3730353957
1962745755
1926032385
1295997962
1812488908
2264117543
3769701836
1589588206
4246701427
778321180
1255074163
806768011
774060538
2673835314
1127858068
56838712
3748483920
3729850401
4120085123
3373798490
692750956
1734117430
4098038926
3409493473
1779947967
897693613
4159583635
952185603
2871281953
2574971990
3753055835
1496639264
531304732
297723695
3386213480
1447821398
1617570026
1900285958
3792640958
2771797181
1416157863
3932455432
641281615
1696335831
1218432197
2864473756
3685017308
3760464635
4226289580
3060438156
1851027387
2310177349
1921121445
1183876182
865908243
694428220
2565675366
1986200938
2381865506
3477188230
1507624221
993658320
3390041329
746679961
3388295724
746557759
2689367573
4128673758
3918517276
3408010160
3860047145
339110902
488375043
3917539637
2089738191
196889873
2697845709
2689948832
2239353032
3930298160
4243501985
2586249537
3614886023
2996187591
3085179929
2187768419
3942233859
1020864000
2578183286
364260671
1119011686
823935365
1232948707
560443609
935186147
3122323986
2385612086
1616111192
1684794039
3274847570
3429684737
3352028436
3792904367
2758689759
2090116589
2472474322
3969587001
2417990579
2369463722
1479968997
2003684712
1664157186
2933570533
3029723298
646359881
4075406148
1403308744
1107748789
423023869
4115232368
3557346241
1996985535
303477606
1302082056
707120453
1568914907
1754187813
615151282
810784280
2554675873
2516417127
3303772545
3601467336
1701459815
3926428697
2181973948
2439454265
3644004255
2766975594
3332628772
1065268119
2688982433
975969317
1018751700
1955117815
707899450
4273782096
1298549453
2430747585
306473668
306733635
1950438478
3692255583
2615029048
3111614291
4189485982
419097727
199517394
1183080129
1916517843
483700108
4079854590
2036105742
1625743158
3125733441
907776064
1196106072
235325418
3179360709
1500791868
1075693578
1405674406
3792026560
2148529505
4265799917
70128529
1466561926
3992429217
3295675924
1082129305
1826535667
3814360091
3941085193
3524367194
3790134082
1102854436
4289599280
4185333996
2919598192
967354372
199575479
2828209402
3882234816
257508939
235228455
623320521
1750849895
691188692
2793367954
1701445393
1715803298
4089095700
2642413039
1580718834
566155008
1576877873
240107275
1630839270
2362533776
1233453442
2539829947
278934645
480288337
3308175252
917002252
203595486
2045102221
1193763065
1557414752
1221362026
2795635077
1266944221
3078739739
766561875
3005552769
3620921930
2090513745
2874182794
1030716828
2339538674
2275842112
574931715
1146496248
2718776942
2987421249
3663636890
3533945755
970913568
2073893487
305254842
213165392
3481698529
3113833298
4043072861
776941927
1210182286
3829280999
3840515576
801174453
3910750961
3999113199
753995828
2433967253
1688138578
59534691
4004659104
515513722
3869047658
584730010
978072856
2991464262
457537837
345829280
574863985
2564504367
2744174382
1746681635
2827337040
4272154253
313161764
1296988568
2899757540
631196459
2944352549
2066255995
907483963
564562458
1877137474
356071567
3249993482
3844132289
2362077679
301609895
1711449752
4288907288
3878736875
237621523
2564669645
1898434167
2782898471
2581958025
3951648883
1487573750
849706446
367648936
2307527644
190097340
2042951080
4253174773
2964872081
1621809812
1595166865
836388452
1545980241
2529726497
54017227
3070644789
1297904920
120232230
2943002732
2930195969
3538911350
2379116474
914354762
3827741194
615673537
4141519031
529234837
3398185755
3234113777
2940789341
2896870109
3801203454
3919908520
3644404723
3847764233
1502095504
193037695
87249469
1672395591
2688533257
2424068786
3020128296
54624838
3915158870
1651861015
3403760790
1356668054
4050623171
3348876846
3787308189
2925333792
2426010797
712282969
930894904
3168330723
3834774209
2461673968
1653952716
3623796051
3338749141
3009747460
783878033
4053064073
3511015914
1928680393
1119902824
1739921648
201462650
746311212
3720537390
3063808358
281367746
2524482457
1508371898
2743254761
4021430308
1267403315
2958002269
3810799116
3600142289
2145754000
3367884525
3466078523
1368363223
1302621392
4125495847
2254722993
3211762015
2636299277
2232989759
605779657
3666461538
3729715912
3237300427
2311459096
1667941032
101989912
3825223701
1526471000
50493021
894154347
2331591164
1472903580
2023190034
2980227707
3621094884
2863674243
3007947959
1107264632
3241892604
1279960463
2572701120
992730647
2269096185
4076562730
604008511
1874096341
2115444832
2805493567
4173686583
4197404004
157729571
2667392109
2054032385
3415872939
3623595308
4087813882
2878644407
2006813126
4251224938
2735112714
646383954
1870085820
626205473
1241436715
4166154749
4120885155
2647378741
3828400496
2343861412
3699386813
3784144921
915851743
2640826418
1700937512
3634063796
582587530
1917933369
3244213977
3568396581
3824231086
2484812627
3156915602
2364668302
1183652992
3514650287
311074743
2172521012
1238840240
2934251801
2194275885
3498914458
3400274120
427566806
1959311415
2451144617
3952093362
2058275369
4198250197
3542889385
1038601837
1315969792
3401712058
2626191019
91300505
2167372596
1787488891
4181350297
1048651833
591288516
261369565
493112107
2734404046
3059573742
1086142195
3379908415
271984262
3287310049
2604474189
2303560541
3517267856
3382112054
3967255124
1536165349
1576231956
3892153151
2561881753
4131460360
1323094635
2454213067
1052207902
1083759417
3494438049
953551806
1010723383
4238951770
1298098798
2972130411
1727031832
3630774357
3301425831
234349754
1417377202
3413243173
1487365140
177821102
2953975537
290252907
500544290
4047144603
2579225758
2979220316
362708812
1302056036
2679145366
4015926734
1414041924
1362570562
469269620
931054942
2189096220
870573193
1451214983
2020178263
2569492003
631890417
2787836429
1559730710
2255066312
2616436783
3249312720
556865075
752652505
983430833
2131511123
53920497
2620786577
1189181971
3501389872
2877074633
1058199825
2775954642
182651317
2953640327
884321025
1238353938
3901041869
1989814623
870017436
915128255
1738478130
2650996464
3251842968
2199836448
2177714688
2583911111
2722468066
684605877
1679549621
3071760767
1855002765
811912019
3520758567
1380901124
1738017805
3901421236
3440752710
3428798327
2873464822
2002289140
658371282
1824649525
4008636079
1833463556
1570119810
919351442
3437081667
2087033484
3113904742
261609262
2210402646
1329641366
2702434808
4073280258
3247945647
1332775706
3191920078
355644175
1585759637
2016824944
652745961
2751412593
4047641435
28809621
1996614610
3077572832
810422387
1347567260
1877499187
312672917
4110673248
4256335324
605224345
58964092
2397803250
3938808876
3236264729
2853988941
413969359
2747711484
355700608
3862888058
1473322748
985680943
4183851191
717361798
1933414577
2312939434
2847339051
982196589
3314274241
2278609984
11287627
3974712194
752336381
2696718986
1779170589
1215724680
593841544
1881946684
3029492867
2837475541
879257925
349649862
311787143
1299654100
1022608404
1677517679
4184628391
2625430472
1347320574
3746350809
1400624283
2932146200
3273625503
2406045046
1082509521
3896854902
4293453556
1298364765
359497588
20428830
3598216883
3940591783
1227578882
3879805398
2385789901
2672522223
2543612964
744758288
989521305
365321538
1176523086
2619135983
2449316284
3816739043
3164966949
3798998239
1390587438
282499718
2135321045
3838712115
302624102
569182915
403774640
1825369113
631527034
3161341304
2548246825
3261350549
3465709069
1822363848
2022815160
3921710529
1008061765
1183961904
1268153576
4288876454
2739530296
226213052
2037496168
3207373241
535001752
3642821683
2110781565
237689338
2914435869
3774381886
4288594855
1353635678
1232991529
558134610
194441303
2739062227
258241437
2889634115
3465624476
3797780045
653434811
1990267932
4238737763
325477007
3953493318
2454299540
626062997
2541489352
2276996355
3714569709
3883976815
3683436815
3019541618
731322520
4090088643
2284669322
3169549063
2699840132
153592000
3012776573
175347556
3850296312
3898320423
2864322096
2574546262
2596486862
2605289440
1632843759
2314080600
629902685
268113495
2394185433
4220208142
97679844
889948231
2049630754
2943165783
2691226496
3211692301
3447447252
3519647072
790216152
4117996517
3484804157
3402630523
2487147435
3002242548
2521647902
1915484196
2204712359
2056826943
2955953939
2949843863
2732545512
2343737898
1612527505
881699553
3895388663
1499682733
3426997446
4286396991
1513504838
2181862027
806658060
1595597481
3236173374
3053673429
2831735733
4071728897
2326697631
387222985
1970527397
3582702909
1486932557
3765493127
3354585777
2380203534
144129035
3266236035
2036104941
1730586270
263781061
459563184
993905308
3769759780
5091661
2682905549
1776343085
3881216672
911395549
1663822794
1980655854
834417477
2229966831
3693145889
82643157
4150292764
3758608222
2610677393
3105863621
2696256989
3864114048
798764452
1548444116
2690275202
4264850998
4275282319
2878606298
1162415652
3763049094
3244326390
572445457
2941450019
4258188878
935910335
773235289
1072559156
38738286
1181444134
1940227488
1921140951
3993944595
1821502627
366039242
1686208591
3047598766
2414830353
469375032
3808234856
678268558
2203583893
1280301135
439509939
1638051495
4053347790
2918598280
676171524
4127459867
2150324256
1597495947
4227306254
4201030881
1604923029
1250434945
1877962878
2976393744
1945817181
718465052
1854416202
1363710524
643746846
3073027562
2205113712
2921448192
4032463345
2001073968
3177562719
2844854508
3080890448
4258052121
305708346
3767414481
104891994
2275852845
1378176292
1713780911
1755441454
2665318022
1632771272
610814054
2516881913
3976078445
3637510135
1144111871
1527404133
909163460
1486040723
2276499873
3558858076
3006136777
1960238637
4170438944
2935529286
740124752
4017436481
1000063224
3526975537
1412575984
3100438043
2955995466
2048939877
3781575069
1490276319
2229417455
542529747
4277422347
297749543
1334120638
1290326752
2659061299
2903178610
1630226930
3241629656
257487948
393907762
1181102878
4134378307
1935474380
810745950
1028013498
187601810
3616496880
4005629730
3447362440
112292743
4172648768
3193925844
867823377
210055886
2187578486
3723770214
3974758061
2027270814
966027194
3028024790
1600730451
3097072154
1220745829
2748395723
3268562312
801094406
1950027936
4231345490
1948482088
1897080218
1857039954
2220346257
2280288163
3249025250
3684406877
1471747500
64832133
922331082
1936483397
2378817857
3778570604
1085859249
4120415670
762038981
2227844817
1743523
1294863756
464663723
2752564778
2349917772
3592520111
1800693361
1997742473
3597073682
27444475
1308436309
3575509744
2843576961
1087136747
959198955
1674743100
3877812940
2295039202
133942325
3711996464
2004602343
513524782
2766996204
1102254762
3016763991
4249864560
2683995789
3910596121
2534351401
2120958137
1836189439
4099673466
693892084
3814802758
349644665
1207594553
2833062546
3382651657
2749728228
3458523934
1161182898
3518817186
1859913270
2923340286
980160040
3351728140
1076770763
3985139020
2163176628
414132165
498363126
2643824002
3430130692
1906157422
2109005709
590631864
1571849216
1702308351
2918340243
1120404870
4038117489
2382868018
106125626
1471216219
4291077184
1995518077
849045026
1941645063
1853359726
4177328918
2922772945
3941235382
4131856220
676351018
4239265985
115619125
1834442357
3149106167
2561154935
1372565592
2154713016
298843937
1570238457
3123360361
2294431769
957330458
745801987
64656237
2619521386
4196366302
1175550480
1413549937
1532926443
1619552222
1514546252
2218963883
518919747
4158923649
2240310217
3085055048
1554759073
263240857
3178000454
877667183
3849428382
1218087460
2887919033
235306962
3779056593
3160176926
3849646067
498731590
3235221826
750935677
1623561856
2869852580
402883863
1547208458
3123818694
669238179
2295933572
3979905325
1249790597
3307993545
3541716119
357534394
4045743842
993953359
534576858
578265349
1865409417
4204539836
699307322
1679286867
3926328530
3689413970
121601244
947000281
1219001924
2301224566
1172250697
3293007312
4040352718
450182207
2793416803
1269640019
987521397
679933505
1579519379
1822808025
2957386324
3328623092
3122776185
1147209881
2919354841
2712080
3834978736
900023927
2082364357
2363678104
3126398316
3629779887
3914420261
452474633
1566466785
3791343841
3122440305
204071801
3233880791
1426504835
4130338334
351514967
2062886619
1236634916
2576977050
2267157922
2092694742
4221028570
186061061
3440520884
377298051
3937922883
3023843129
2793374589
2187814732
3099191529
1657861673
1005712500
820274841
3419958200
3594352092
2827917321
2814196774
143116000
165213051
1762456183
1677099965
654321564
3927250583
2116517423
1474876798
3843607776
2033255555
3288071747
2412869920
194486709
204551413
2559862780
267719079
3551759439
2615378987
1537837380
2013785244
4288817747
362521544
3406623713
786991803
405530045
1490598611
1899659897
2444759726
2303793651
1110971493
3673120933
645806852
984822547
889534749
3797765161
1521978334
1846131514
784952093
4290479009
1250607480
54647360
546223809
2240066926
2070749071
532547782
2693758112
2913198097
3833343251
1810019417
4179966214
2485930075
2022670870
356089250
2941115409
2049083183
1692328426
3237562385
1432324855
706695495
3374403355
3843344614
1954685321
4256592434
3404772376
4002635924
159954491
3426156784
4174836148
2497848454
1533525467
3156134945
2103265774
4124875239
771399301
2637906803
1249577201
604929192
183639570
1000199949
2762455485
4277338699
2286641723
870281706
2260536122
3301420519
4019148285
1980824044
4125799340
806351451
4069626234
2866684552
3063364140
1974430269
4042266279
2410295458
3131186993
3937814701
800156945
1527446215
1898169031
2977648974
104403129
2437562689
3491051562
4087209226
2763448026
3675340949
4161602106
1119135463
1968361741
2232769615
4010933634
2640507260
3515923667
1533372632
349823633
422994180
3672242506
429683192
4004869575
1965164521
2427372287
2711208932
2091616988
3026511700
1922915933
3762011563
3157597243
1951583781
3061184700
960747
3902048818
915886046
805444953
3487328555
4223148139
3527987306
3452787914
2903244193
1801688271
4035095513
104467096
3993374356
4004616244
3690101118
15567045
2659063568
2312348851
2177421766
3916524868
532947726
202395531
3881861332
289469067
3374235411
1189038331
3335565702
3747995543
684347891
3956148351
3193559362
659998379
575049651
1249902600
1188838027
3520050271
3233807866
3283770145
1433248689
184729221
4002102424
755572481
212522256
1984206714
1292985258
2109826549
4072201851
3591711520
3326520836
991217803
3322607077
469685250
1685165234
1611327072
1046381405
3165605082
3821351147
3020443729
1225364435
2336316877
1146810849
1195285860
1365304426
2486467160
4207088743
3053449681
3405192941
3050888426
3025556835
843434804
703264313
2760877255
3889948102
569859781
3884875640
4261599769
4117516665
2850861015
467737882
3516594792
2658079334
3378164312
2368107844
3516475606
3905459304
1618171900
641251710
318478950
3843741887
554322383
1275701704
3729249240
835217697
1116128137
1404373525
3574337782
3074289904
2781191119
4273998976
3592829646
3529936
2051908940
1395806705
3410464026
3165995535
3598382723
690314877
3815637534
668159786
501421970
2619858895
4193219022
71532421
1142090544
981552787
3826426281
2341322647
2878990277
661480413
24028059
2572092387
1728096083
3353774454
1120988471
1658583298
3137989650
2966680559
1868577754
3767835953
1591738902
2767258314
1500660344
1419293672
2533208678
221820721
2982083639
3250722876
4215637026
2873989350
836550617
1905889540
2927527501
2874525826
2434088977
2644201328
2090970617
3824208347
2827757590
1558553605
4290109243
176310032
1171284142
847365023
2188055316
1605840837
4138867330
2721489803
3746213677
3543603997
3268254137
3739937358
2722217540
2112428125
640413431
1443643589
2372453073
2308236306
3905472984
2685320047
3664700349
3439240275
4239229703
1853717294
3772074899
3524307213
3730753572
4200924858
1202975733
3810416338
2661973174
4153426266
3381537371
1615973589
2542911472
34639636
299082841
3606684509
1353089755
1364417508
2680751631
1801227966
1789092156
817229079
3482579794
3764690614
2751280092
446464885
939663252
618531772
3716737091
3383557457
4013008629
3680962293
1160785702
3799986787
1854959908
1090674650
4058124475
978780802
585835818
2718082371
232107536
2033778278
3261838934
2881743885
2211920575
1712184108
2212606541
3760901216
2763939506
4128627599
2068167273
2557939850
271185376
2904027318
426853048
2148955322
220906213
1784851135
3255513335
2921073499
842475530
1372499275
2962169154
1989007731
599337274
1012458460
3936539181
1504534902
930728509
3142837487
3744145839
1812522743
1378561987
2034975790
2559115385
955644282
1423102254
775135171
1143588309
3898830370
1504333698
4041626428
2268036751
2110708561
3297865466
1639846141
1921285899
2678833151
4287409639
3832481365
1787700631
3616065374
2608877205
455862371
996133550
2099473812
4010890247
2726116438
3667672696
1210884659
3367563344
3015592098
2328736845
1861949708
1734280251
3971431297
2121298752
533227433
1457007581
3735117876
3387661746
1924205566
3726312526
3307824432
1290331351
275627722
2292500766
3072235583
1585380347
150408583
1364885387
3304318454
598357195
2219033006
3485854676
1113009400
3305025571
1281569352
1322945844
1979455304
2717684173
1225080759
1586328659
1346738132
2223974804
3339783452
2766440305
892066826
230360617
3509148651
3766880429
1369596831
4142593390
3536825339
1039851697
4104866031
2322090752
636579802
1380097732
4261879092
58163047
1703725110
4078612874
2252503104
3390759519
3988663457
1443847152
880585916
1988853469
3738040885
1398500564
2237372193
415000663
79846102
1980498242
2112256920
711313011
3949209515
1625112427
1814842905
2106809792
1325401257
712126428
906680377
3069361681
2420765116
3206101212
4115610710
4190731019
3854410479
1529923342
3931464677
1500624136
1546877951
844576808
2557197823
493070399
4272241916
2042568248
1154100370
1170197026
2604307014
3250927529
3623048156
218215957
510192935
4167983812
2998265739
2338130925
1604763218
3614547290
4264357368
1333997014
1824350114
338869069
2441464489
1084818003
2835482301
2231771494
2101241355
1983558950
309252046
1575889484
3543367846
1335353762
958393347
3251372046
414459578
1006235132
3952622746
440205909
2431777796
3748038539
2018050400
2632781906
4130387121
2369354756
3339993350
1865808686
759251447
2976884456
2707851676
852626293
1229837172
3308587609
3671880386
2672268365
1804359646
1113657058
238034465
1791414059
1909902552
2471438488
2138467285
2022774863
3019160908
2088174525
1062256491
1785148003
2846539438
3528058823
2034953404
4229581414
3126326839
3136123471
4160061348
2063561884
2357051261
3809193006
1704779686
4209331643
3924273903
104068663
3139791907
3680785133
2729254842
2831563117
4061575035
298503987
532758968
2684978330
1185942931
3801371470
2513644086
3285250486
1245066222
962627539
3569109145
1597783024
1432208359
1910391467
2103604300
4229654521
4145804799
142197763
2778902809
84989206
3360951762
2315114777
2004877765
3390072087
2442892634
2596899561
1090216761
146016382
1957606847
681777508
2218687008
2850872097
1248042028
2597609465
1285976336
3460740970
3009331457
2435939993
1546936116
1283818740
1723467110
2458582302
965127528
1482400220
1515417881
3462215551
2953074832
3459739130
392352033
2610636140
2446911389
3652095298
2447128948
3323312763
3593543329
2003674621
2219074276
1959497832
3546027378
632118018
3421733530
457399123
1974009630
2335497915
4255866536
424008155
3652529984
2139016815
3845518557
3188603140
3927697897
4276362624
677387649
411025515
2058297613
3717069802
2734610531
608021691
3101939429
3592505332
1143141680
3297199865
4254022699
362279186
1336348867
1802804414
3689725538
3982351522
2890136447
1705067855
2584210452
3873242134
3973447768
1823887202
1934157840
2733973531
2846673855
2380167428
3481859725
3274895869
1214989651
1154431737
1448985550
2510955774
2503465343
3014515210
1879155707
4007387329
3039829438
2396251545
1629370915
3031469355
53070813
3179192287
475867505
4110233116
1307290505
4043177542
377108860
2769412564
699268511
1350129456
3587788115
1842813191
616870984
2642690644
1022461278
1577535622
2151684306
1110851403
4185271552
4100943272
2498937397
51803348
2285616253
3478000009
959292872
2116625607
532034334
3003624758
204439756
1174214612
2471761388
2928430596
4208565671
1674857043
857234931
2956981437
154150745
3548749095
3726144824
229593000
3899807419
1502340683
4119491264
2505962662
3706624717
663636481
421151083
4217896718
3756619921
3244390725
59067725
4158256037
587002014
781455216
2968380428
2760012360
2102150897
2634470598
1170871243
1801334368
1247387745
2358716806
1633567125
2514866659
1322742194
1579249296
2130271814
3104140762
2950604484
3912478557
2473558495
1486540283
3688907681
2666726316
898316448
3323644367
3714694999
373900118
1582925604
643311588
303839497
2890585286
2713380276
541563626
3126708233
3034451663
1340713331
1441487523
711667527
1942275290
518703584
4072964359
1727658350
3149112809
2038772166
1301838367
2954002405
1678741221
2711865185
2871355537
785210004
2828684018
3215297189
1267679920
3182804662
1798544709
2427684001
3303239336
3223494298
2733055632
110201780
1758494698
48374306
1266363034
926488654
2666270620
3707593107
1072225612
2126629867
2196740465
2591150712
763586149
4282207733
4132855449
694241369
1158927028
4279201098
1176544347
1319474447
425121798
281290355
553873730
433650911
1817183058
256080021
3533152107
4235307607
262056618
3157154504
1693916915
3182996289
2660712675
1585534700
2562138593
15178063
4043157762
3911350464
3133780805
1305503866
3117630996
1010406891
1876156978
2450127200
1268874735
2194610023
1257170232
1839813830
2589848181
2944836321
622193602
3052418046
667706765
4292490310
1726813404
868350297
783136377
3414989940
2715923035
3513242749
1025349455
2546837960
2755838592
3411347627
3684498556
3281136165
3596802735
544480234
387976234
2108892962
1110579108
1409746924
1827100110
1126544587
3589469643
2350391210
2375781329
2258068354
506362182
3283833483
1795708893
4226959464
4257369953
3234037804
3626829930
1134943247
1346661629
3869421761
227734806
3318874234
386891135
3343233858
999904268
3742003743
2722296072
4035355542
2585095787
2074649957
2419891229
3963889545
3233477663
1519183721
2812676266
3170464047
3783404049
165413297
4288049575
2663684762
2051841485
1013380720
2336226151
3706719245
2683455138
1800070582
736006233
3687221368
2392899430
3655884789
1349760937
148125020
279695317
2416923484
291400333
3982579861
4169593015
4088931325
3767537740
3435601791
2282883309
1798884407
3328784290
1496860639
80129833
1775142430
2811553290
2337094546
3984225380
1023000340
3376009174
3992236212
718943380
4126334574
2873054916
3312088600
319283751
294621602
3839775958
2325151133
2656170405
1149390706
3643036392
1402086830
2912135173
3728160388
2595794949
1919200597
1180708474
4012812894
3565164444
1034882977
3343998062
2087563946
3488188935
1328712066
2339856108
1452783602
739950962
1630683755
3200828020
883432165
2576178381
3939629467
507220430
1539877845
2588041533
744179435
1563795908
1050742031
3316475928
715152495
1868458696
295182684
1416223214
2576934310
3784657893
3047444589
3989323209
1101208611
2868785033
928812342
1614908084
2225922299
543002111
1795378051
2580783011
1810108421
1980652661
374063654
635171359
1248533938
3927745718
453899457
692200208
1420990576
1344762842
846128575
2146503960
3411139311
395295748
4233375943
615883748
1374088440
1860749134
1539458285
1077148775
1032643848
2996011101
3600850375
3495829060
2682936608
1653824995
3744213598
4148654227
2470764269
1372999220
2771174607
3740020221
3098617268
3146890112
1028358459
3319299652
1636181904
304638894
1405340922
844577784
2237448087
160970201
1296918715
2909357740
227572017
2222125795
3997410894
2756729667
2217419933
3380367260
1010892207
3643365906
3215325537
2865860121
3358099658
272171980
2461798637
1545513920
4274179861
632985222
274594235
2202450878
4251531933
2693613036
1092113268
2474058737
1931998127
3550182713
344715825
38436540
2162727202
556947710
3074006476
4292026812
1035103020
1508483220
871096602
3653007455
2707634244
1854389785
2989413799
1572157617
2074692737
1659153886
3392620696
1743768999
2689744260
2021737754
3673878274
3581724301
3711724470
1581645395
1845133530
3800556622
2999745337
1123436607
2882095711
3454259480
1743116853
2253541798
3066800414
1752694087
628933875
2542502648
3133244371
1399421540
1619583970
2155706959
1962840764
2152544522
323292812
4029467922
3082732256
2260419814
2017036867
943065223
1668668536
134880239
2151527134
2734635179
843842334
2574442043
3029676469
1420090621
1360017728
4197309232
1505850786
659126021
1821897650
2012921893
844817855
2059955438
4080717403
2087010373
2279258970
1434776114
2002381039
624734863
3173021787
2304546793
1529246943
1502916458
3786958808
1435320464
705676800
534576822
122895890
421636093
3380319182
2418881586
2347384025
2882345471
84126833
3227534394
2801375002
430108279
4100659000
2576477506
2429855832
1331290601
1492949950
1519012537
3216470481
3774969523
2281416788
1307730442
2621024379
3494603808
1625784313
87874614
706215627
453941670
446659242
1332133334
2720176519
1381142754
2301016230
3994101225
3807578814
3123294138
2732601613
4013429153
3432117350
1732051718
1477065249
2802399585
1673084324
1694558624
1897960402
2762659547
1872192634
798264230
3063934715
923627563
204553483
3093107977
1120145628
2287624748
2114045477
511449945
283504768
2199318292
3083916686
19184150
1117411455
1501934605
178976818
1847024582
2255839764
3243728988
2402270523
155140766
3244936448
3827564246
3858113844
3814487014
536823181
4027328157
215223841
4174954837
4042310253
1621875729
2952129023
2875070243
1681835094
2981444076
32961403
1819832449
2538796105
2924085054
414208656
3528814464
2961654906
4003975258
2669215292
174407257
3617672150
3202895768
251012591
3913165866
2229285707
122028901
3432764269
4188829884
369197158
1712289683
1504006381
2495268200
495492626
2677366612
1643468921
3439046622
832189360
2974337677
1942290970
82089393
1764406629
3918990939
303825901
990810003
3797754304
3151783320
664119034
3885667890
2537286931
2823704082
1093467766
2302844072
4132885735
3812432865
3280133923
2896327046
2258410663
2820045810
2834982918
2536478549
3265911712
2410389922
1601477183
2434118864
3562376720
1276406357
14876786
382944327
3357266151
1907899436
3626712291
2858719460
4172188198
716696077
2016322738
2974907158
94616687
1724742403
3517827989
3072182908
3717140439
3405281811
1640855252
927059107
1355548933
725999798
1226906981
2230967608
314500958
957288796
2037621568
12707765
2682386777
3803542678
437109425
3701189555
2218776490
768969173
3922655499
3500137966
753071104
359177425
2410524651
2706895614
3451278855
2478455064
847738168
1978498476
2330116570
686488080
3901181465
2241411004
1691748227
2165729347
1043145136
3630017675
3848411459
415621130
1111600632
4066414333
683390100
2896114794
3693574025
2876510952
3682098402
1288549441
2362783133
2187945026
4011003659
1700089216
1038763544
1993163360
4196949108
980723348
1433390960
743854697
565979351
1909271236
3331280751
4280041732
3908269899
3879550397
3420657545
3731410779
3003597647
3613444322
506574077
1207381563
549364655
1009513029
926805466
2811916556
657297543
1103672536
3741405255
2371639550
2452552233
625745622
1258039108
1052053484
870781212
312801054
785236543
2636686279
3901694629
2465867642
2294885562
521964914
4124961716
1381331016
914239219
1101223613
4141952620
1978610142
446009859
2295520550
541134439
256805853
3845986670
539913099
1819252042
1026678429
3811732826
1475663748
3960310769
577727171
2407294507
3042156731
1860020467
823272331
3497887314
1358487469
343506838
3057669164
914371009
1193556223
2725600518
1675229091
1239247509
2106531993
1878868734
3228623266
629542353
1193550353
3706169919
1951832435
3177016364
1657516087
3286227644
2823625571
816069549
682867053
3479273096
146137049
95996060
1266833196
3995738132
3708339851
1144884258
4223651826
159261519
3199884149
311495839
3686808822
3372030967
2275981800
232904788
3437217235
84042421
1887079684
3960864395
3103120192
2565363837
1238709347
1334368931
2392738486
2815222812
3876917806
1236671541
2857140267
3005946951
1514203354
4086124587
3773772694
1768939233
3025585550
4181911667
1433090849
814447343
877339582
3846405452
4115501814
2737717952
239936501
940299584
1297402925
1120037317
2200521204
2342382636
3077159853
1906669433
357652947
3795487010
4002496290
3718724418
689400311
205618558
169020173
902386286
773410794
2035117764
3281437908
3807488854
3100475127
1868454384
1556651658
2199269471
3099837602
2300416617
2395573235
780702852
2085905512
1398852030
2371997226
1070408955
957767483
3934974257
3821610198
1395482272
2861945772
1349886855
1653096263
4039165678
1558235520
2577774351
1981232999
3806560202
2410428210
2431485628
3495845907
1104237353
2798575366
2406425610
780237341
3425960978
286112225
1874597149
1795997939
235004692
3696534580
3376368184
450285650
1639144660
1026156935
2331860571
4090213580
944816638
2474236191
3688302168
3590208778
1543024497
446047220
1008607894
1834974633
3119917435
2034814560
3148169848
3373441358
1325121546
465292082
484810894
995441800
222185228
1883982446
2426578584
2972044934
2428478108
3034318340
1335224336
2511309008
2884865715
7630160
288357596
3910353635
4162734846
2949969391
1228442138
2429187693
1151509562
3690115824
2578990555
954118355
1044151892
2694769286
216395029
1513664616
2472106770
1265695047
1992890538
4036205639
1906395005
2512003589
849522323
2548272170
3476400139
2345511161
488045531
1271838632
3804123050
3081225317
3511882192
2389316082
1961417576
3452972763
48073357
3525954463
1263574220
1623325139
358793353
2120762061
3945172236
1076554864
4142338824
3157834038
514787920
3739361766
1185705986
2632775082
1839340079
560823694
1143500858
892803998
3422574671
3973144169
3592521184
1796684933
1891388843
1873848222
3442252433
3715607221
777160878
876422121
4185329892
2987777952
4058593861
3050429833
1251328219
2526216445
3604503968
2550385037
532521248
2016367030
365310154
2485039245
3589066243
2435342392
2036654724
1667277784
3835787028
28394434
1894296207
517122375
3354444932
1828966942
3408108117
502248085
3072466317
1564918636
259918958
4043019307
811145107
41455081
974340496
577049838
1256753498
2031895904
3416788808
2960117023
3822605912
3659292386
585658122
1080963744
4280536562
701187026
730763590
2520290789
3943885308
2165008963
2051407133
1087687159
965991059
2690698490
3116473049
2513915945
2946501646
2330805922
2581666053
1810481013
2243127112
113159482
339013061
1137800373
4282036401
3603771960
2450868728
1875539246
1509925456
2273808954
634967638
1624814181
336788641
1155824884
1256202559
3030598068
332516894
2175719534
116054478
3863128407
2767230806
160264406
3598273157
253573786
1503850402
696117422
2137016687
1097685668
3140883427
3581968233
934246226
1703790016
1472590404
1738717511
744126219
978135807
2013402645
3560213326
1903845781
2800389016
1694075371
3415762271
3092408806
1103703490
1398698287
4090263040
2776943434
3296666903
3141227161
4075060491
1385441406
1289363721
1825658251
702050192
919283606
962395638
1803127324
151616480
3785541934
4207335624
1555942537
2472669337
2935759642
432705874
3333609871
3171836459
1296872256
2368104623
3957457654
3104645089
315774707
130717743
3892669980
955618181
60437285
1927671668
2902880144
3386361443
1538165675
1157534869
3706268912
2506238372
1758802460
4073571598
2435272215
738813566
4079278250
3427118594
4275320031
2443798966
1685176395
2499513273
364335339
3946932200
3561356791
3661276282
3314679350
2056042644
376732685
3444287429
2486360664
3641904411
3756672803
1258582567
2600752395
3391023340
77762112
1594722136
1114679336
2580628992
115451880
1558601017
3529892370
2582702820
3895563559
797056403
3131434434
3336663697
584821399
3721628593
494648199
761909522
1724927066
235615603
2465607800
839894644
871589092
3850257486
1211763267
2154172246
568400336
3993181780
2169632053
1837008792
2310345005
2350261353
4524466
702902014
963257816
1919492753
3974010920
2492162847
3069035045
135201347
3067101033
4088643145
3661568879
913998159
2149753400
3806621923
3493076813
1843421625
2244157031
899490982
3428789312
4134395732
2964224740
1596253837
4199613387
1651985314
67265091
3044967764
1938094936
2060222726
3124647276
911668658
2090289890
1779482
1085316802
3587041588
306312360
1832173644
3301489096
1078381835
658305921
576648943
1194159350
791501422
3761296664
2437190790
337739468
592804946
3222411331
1328626680
3588868979
2388818354
2005699451
849301930
2037873402
3520231169
2782357259
3050638758
1643587538
3116246168
4160433058
1499050463
1018526467
3981456742
4039324988
37400479
2824815639
2859649979
2819900765
1195367896
3261973781
719177115
3078068875
3212958396
1361423739
2791161469
3070445114
2060033692
1355463471
2902544694
4140588017
2952292063
1156853044
2642816286
605602827
2173645613
810211816
3936514061
1823551114
4647525
3886629000
4291647985
2701945149
3092559562
2662102781
2066722615
3922450181
512555237
3714002031
4028140940
1472679761
3578264788
2249310948
3912335028
2248520252
2374789986
3390260466
559067491
3664900749
1557228390
4075638639
3054137706
295537792
3472623506
953799988
3368106752
551230751
498083004
636166344
3543890447
3164912473
1962251244
364846316
1788654407
1128821404
1214393208
1630181094
2785907652
1768874801
454546031
2812793361
147837599
2378284321
3695411396
205030766
2861052719
1915905549
2666355662
2684429737
2068001987
2696456636
3527264906
3541707675
3186440524
2847981826
2101664380
2075095645
3564307338
4270008219
2040675417
651764756
1434441349
4165265351
2961662792
2601375710
1879957997
2269983075
3170805138
273416808
355724875
1138432262
2710809887
1095178174
1852461360
2232146137
1151176947
3159818969
3488623090
1168597047
4092933788
2967659405
9982876
3292195807
4103211474
391357906
548025990
173081717
982177171
2944515448
1643514136
3735414761
3215910349
1893237854
2554623857
2148611365
2857979351
2487499136
3691023870
1371221404
3045611707
3586245549
2763305679
3990204239
1280935955
2182573086
1019407301
4015595295
3830713367
748518616
2551690816
3642089860
315363641
4096122214
2452900854
2888551133
1910202379
3070160611
2799504560
1012295992
2099613076
2220413543
4116483492
684146575
4110495576
2944692283
2055293753
2930394587
703886731
3321647216
2327717797
3021666230
4053859584
1523854654
830379048
210526916
1784231144
543873484
2725966177
454597471
805868873
3749867872
2887768265
1544479132
2858727385
1189620336
3592655961
3959976082
4281151658
4110658479
1069216361
278746211
3783316633
1388634436
3850707024
3135440591
2504442630
4201992504
1924050700
10947366
1285107682
3721612164
1101229504
1116253268
1900680954
4135998853
843127635
1069205975
665195234
950727094
632354026
3466699793
1366953223
3670651253
3707165802
1428045913
3845941386
14436781
4041095672
561917466
3992208627
4137419227
2551878624
3343461919
3621456282
231898930
2608467176
4153648402
381320616
831382587
1449584877
599916209
260298063
3089380955
2597953920
1714856274
264538197
154532812
4271464847
2807981637
4058098435
1401302230
1904734562
3774086504
2770300805
1900330557
126219697
3260531031
109471567
3816346366
152332894
4144252526
1257305997
3828619579
3988509743
2098607051
2738470856
2641663352
2679410177
1347446915
2307062586
1910444783
1815687573
2779028316
1914293133
2415720113
1254475613
3766522537
1211674600
2612195885
1380315341
1353000189
2556100038
2094715317
971197290
4250897408
3195310175
460926830
2992990626
1244524783
3173580079
2088800352
242315274
1060688088
2638636942
1610510116
1869890700
2849560617
2577160712
2834363089
3772679271
2537489512
257453415
657561280
2850574351
1189929992
1341676602
1054915759
3800060593
243931042
162753537
2813483130
119688905
1593026881
3150255064
1167462813
958026812
3666701203
218475438
2306330562
501229961
105111783
700843530
510227266
765753099
697619494
2063952438
1607867398
125144727
3032792689
3540163378
2302262893
3521117669
431002794
1059491585
1871285609
2054087128
1394711999
3400225326
3938526279
1269765239
2300198441
33246531
1819907347
2255592518
2440496837
2770014443
2880945950
4271499450
1114268720
149870422
1825921276
3477354315
3627320459
401649773
449928527
1610608143
2800341917
876588470
370886044
904555757
3243681972
383739822
2333472985
3243680135
2140190487
4195439692
3042742845
784051497
110921274
1039286596
1966143453
1167276822
2713307422
2752093122
1101650249
2584289743
2067436602
2718491132
1087375204
1272124973
3554451916
2576229039
1025786081
1065573256
916572820
20024927
221236399
3177467949
552815503
415171435
2480204157
3429878629
2263364230
3136862757
24816651
2947097176
3071364666
1177671432
524305926
1945097245
324187217
185096054
2812314223
3375111851
1373787604
3049849908
627700272
101423606
103095398
3172970328
3712118740
2050768137
1554035629
26020806
3901572683
2730979375
544273270
71531209
956725787
1157721487
3429321497
78983988
1805751368
52082755
919184813
954513841
3362015005
858057256
2496621642
952365289
563270115
749583686
3159477300
3779814961
1378188020
1747393690
1132025156
3870924929
1673411971
2125787971
703268914
2608888909
2305212210
769264338
240706184
1589876557
294757373
4050515262
1313572947
936829059
1156496486
789956173
4224133524
1789242766
2047921486
3760461304
226388916
2076251417
2453855269
1237642854
1968003396
3921963575
4083201294
3120823041
4246147155
1642543327
2290792414
798734671
3462683674
4171650055
3518640759
3679106244
3989138680
1103024200
3309069024
848594222
1287194661
1540462938
1222430399
3398805093
2760471755
464911265
1761968723
1727140792
3014009271
3665807678
1743006674
4191297331
4234895932
1614939524
1809033192
2671993318
1457819885
2163206441
4250284037
3854368221
125023122
1012186675
3824577146
1707491573
242799623
3996807186
1872082239
1689721847
3619707022
612831571
2121668550
273951156
1715779965
3072217957
2041230688
3922966409
1064523401
555436399
674681023
2049613913
2541854660
3580597233
3503119085
3297195550
138124225
2100886747
2526137516
1692623760
3493786822
1251817785
2336781448
3570016182
4125735012
1627023923
690970451
1801275191
4158587623
3877912581
2220537006
1673089588
1518692807
1535507091
2676456011
1126965940
2272070593
774165941
2549242971
2825699155
4282709842
302009928
3977412468
2354084397
3097825647
2630392256
1717811546
2833200582
2716382464
1228583262
3121136124
2905889571
2908257792
3726195317
3867546892
1911269668
308254062
3957432952
2644211459
2346328093
2897517022
124562094
172751901
2187260269
1762503147
1725655368
3647620713
484917863
1999606683
3496630861
306892732
2459556308
2832811036
1271809190
3265442784
1751153032
759676327
1942873152
572234531
2103831968
569062203
3410590500
2062080040
4053386328
914145354
3163554246
509545500
2607286383
2227963573
3771764609
951427578
1735373314
1394067955
2291287412
1122355014
2942868237
1016943109
4166916480
2959408002
1749967678
249773045
2842544977
2939078654
1500150799
3009552794
3223336660
2135568121
443039469
1615222115
4114776597
1797857511
1213949797
136908815
2559330610
791035249
3342123808
2266462440
2861099791
392882098
3503802330
1857978335
4269959711
1041753792
3753222646
3884244445
1942272985
3258169063
3307374819
1486795633
2251953473
984839962
1820228877
3901535673
4190161013
3320063868
1048760408
2680664467
180776079
1664568804
2211208381
3245264009
1085325207
3753151719
3184677562
1409340694
2299189809
31219814
307616432
918796717
1778921486
2054133545
4179160476
4016679659
1626293549
1825365744
27664381
893418300
4277175179
2516018137
3293426340
3963620499
584643106
3208171032
3411804822
2971638277
3944121635
1732171260
2088693217
1489422910
672245809
2127659231
2785672110
539199977
1987901739
3726163833
3569567917
765359080
1671511926
1500963434
2302487171
1734378360
1709931700
1282838772
115078644
999321393
103029547
672596544
2497378370
3355479107
3288357980
4192579314
1091349067
1142192188
4001211602
190240163
3370234662
3239343240
2171693716
754308244
3726003972
2910602149
178778919
1292934974
3233110385
2001757527
894777942
2312177122
2683423585
3518766236
2829802549
3542291489
1680910295
380139417
498147349
950800412
1657189486
223829311
485872246
1162047919
632458116
876061495
2805806573
750567463
4271660293
4033366027
1584666327
3248666678
2911818383
1770315353
44688051
976844705
614573363
696871502
1288188365
176212457
3321760958
2243815709
118629840
180428009
634694229
1347480928
2794028231
2556151932
2641356395
1566680235
1342634597
1422742469
3232311557
2490520450
2771804240
2296753512
3831768219
860142779
23945558
2736945079
3286003809
3394373057
4220101786
3913495731
1769449686
2846247448
4216325010
1561702689
1584804796
1536770044
2026221941
1453511887
2784441435
3898682048
2883608703
3770769598
3761053789
3034438394
1485895150
618819078
2477600332
3264339392
2972509643
554338510
4118739373
240756074
1283252939
3047756472
3637101484
1414142703
1771857741
1559634532
17393708
3672671538
3558674238
2117636963
1875746386
1614816563
2593181368
3184346601
178931408
4046849138
3790497499
2304269439
2403650930
4086446973
3099341217
3953671432
3210947815
2914097630
838615629
701826262
480781029
40481912
370006478
2224440700
3958458861
2929711963
1553817799
4293547303
2830993464
3456875386
669234516
2464261657
995272450
4224460300
1465838816
3303515507
3065695752
2397842381
1244855098
2542242964
1378878659
2806098947
3070410684
1614969070
941794552
3221164391
4223258213
681966070
2931703096
3088068679
3802717190
1218426988
594434444
1210978665
763870825
1214838188
1717235580
209222486
3789721548
3315172517
721975582
2401028288
4233704854
2624290802
2861770227
3426363097
2241445223
281121231
974155778
2847064796
1263299533
1734568127
4275129225
1027616271
3988772167
2586214357
85212686
3610875558
4122031427
672842965
3727255967
1101282664
4265115800
1063506336
868391628
1751355418
1398398326
1161695646
586219669
2481776012
3291541999
3825585759
30803043
727874911
2420295713
33598654
2447987105
215220563
27591397
2113285581
2019938162
1671510896
1042787362
425739929
2428372791
523555414
1945308904
2748087698
3452066687
2089266746
92677619
1268200303
2613387010
2266417316
196160611
3978802396
3744565465
3695782502
3174381482
1292966012
726710415
601761995
3705256818
2228275331
2494724839
347291182
2823343050
3383730310
3802074068
1725149793
2325480141
1541023257
1329357483
2331002426
4045958547
3843316140
3862539223
3768632709
225039484
2982966665
757354852
432989941
253899645
2973644554
3576866312
749349509
246020354
1722623035
937828894
3244583535
601535459
1819712315
4093507454
3984770944
790737782
490761414
2238583843
2694540833
1154948166
1576220296
1786661269
1056376881
751440680
464914792
2616183687
3873112497
548830787
156505186
804930180
357799833
2192048084
3922055616
542075401
1605370751
3582852592
1587437974
2284222157
3526501529
3863971131
1421072711
3516275513
2957093708
293670448
1106196180
2917397585
1899755694
1602576751
3709450913
3467412756
3720045497
3945517530
3299167656
3833469319
4204268325
4099317360
3070070849
1646097183
2143076411
4241618879
3719665190
2817756881
3492085427
777701582
4227368937
2238670133
894714846
4198675177
19659664
4151678147
1125349113
4213776499
1218545750
3558352095
3362256442
2688667618
682324728
330269480
3402946868
922800760
2966178489
3898434933
1455224341
248065829
3256543351
123254418
2955413046
2322948125
2566678089
1740993302
4107063376
3020004432
1299799709
1726245895
4277502331
2446806641
119056917
3510469110
856838919
2261073641
2150239890
3458726460
1627846457
325984115
982280276
3808369099
249399335
3439890268
2661654312
158357452
3649946440
1314483375
4077715701
94861660
4007465117
3669592050
1220283832
824087796
3558638258
1707868640
1715597245
572663826
1546662381
2415557178
3671775215
1190805987
3395266915
1761807757
3008859871
3036700142
1193278237
4085523051
1118552175
1217223968
172767119
770387547
1585077541
793231652
4232242955
3116509055
264056402
1130151524
4092166081
602287533
1376473321
248757575
2173682824
2946459213
1383779582
445183277
1749743987
135012269
2119739921
4043872800
3328472384
4268259860
83580736
2260008482
1990191403
1727381034
2957360513
1641118315
146261278
837249003
3130868078
338319857
2270065704
1369929721
887636775
3149148012
1984567510
1284478639
1259956762
1385528731
2855621664
3008557319
2102776359
594579211
4022570444
4109713155
905029883
181556073
1126007570
4061710971
2555701609
3657578461
473588859
2177728681
4109910558
1291525531
1651396505
1180997725
3959271605
2467970907
3789314664
2177475121
3647146566
4053914255
570513729
3615278404
3159980118
901626005
1564481515
102463368
3301384291
326115527
2755008697
3646769278
3163305560
271977626
2226098799
3302930974
2922019743
493772235
2035875788
1204999974
2001166178
2261110457
355852451
1747318213
3538718741
4234293253
3376499478
2190122508
1437839429
1733299008
963044008
2430889946
352518017
2027026697
2375818467
3863029195
829794923
1191738471
3427122775
1844548280
3728020162
2508643872
2682734964
1903195810
2501032477
2505704297
1872742671
2545905450
1102657366
4156358814
888722563
1896350224
1441770119
1126552908
2053228733
4107679783
2473811744
2247203162
366774958
3698986464
557206644
2824551598
4054835075
1282262810
2717556564
1391437304
1243258682
1202827871
1850322045
650305165
226273564
3296334243
1746962149
291568736
2214458658
1879435217
2665508234
403948898
3412486323
3347575160
1640911590
2136846947
1915500538
2428690229
3339580878
551997013
1211581182
2741473307
1553508200
1773695801
3281982028
1885874808
171330794
3470084755
668232014
3943906525
1394477198
3630900165
250291712
3357940482
1863447049
327015956
1147907622
2026774365
4288887515
1430996766
1521014293
297913412
2353303727
1798522549
1000271419
2002587338
2511302831
2419096448
3319433831
3467758983
495459414
1064771709
104770404
1463627146
125315985
2526532400
1848506389
3914128005
1967482796
1402200575
1864076242
3522594018
929123573
4281161707
3752070132
4094490394
1305087181
2811220252
1732144369
1240885772
278987378
3771826332
120369804
3820528442
2337565746
385506299
2856889913
1270010718
2443375555
3493351269
239583988
3352170478
1196796484
2484689328
1277299632
2163122003
2376925061
2624164203
1602457969
2897091938
1249962449
2468841797
1267491710
2535181414
850060313
500671283
4196556888
985386768
74295047
368758677
728117721
4258401134
1180739590
2877578296
3669305079
3034666739
1169189823
1587673117
3221519953
2584140384
2664715916
670904742
2641657271
3070072404
542610319
2636232047
1968046809
3022689583
1884570862
1183577451
1427617223
3979412828
3493070208
2918871270
1881918526
2335337258
3405060133
4024788309
3190287097
1447254511
3254189473
1386984252
268230927
1809723963
1705078232
244441737
1595665037
502908053
4208153254
1282827714
1345914453
341640959
1896567108
2893837590
1080977820
2287744639
1418391262
2902609368
651686966
1204144537
3997126068
366667123
591791793
2074226175
505313775
2375896690
1790965110
1989628917
2660265173
1350392979
4004841559
1331404705
2188705605
1097800245
2953767974
479902976
3960360173
2516887789
3659377854
4264890060
2838724919
4200063900
2873788217
2721291937
2134710990
849564304
1868191507
2615302558
4088192743
1986358592
4221796926
4263125650
3164398647
2639590531
1915385414
2871535625
736329648
1195523121
2485881770
2260408255
2927751650
3649071374
579831539
3574830471
2149780023
3477804451
3551568476
2776926268
3400836514
3456596936
1521212690
151792378
3400060676
2478320248
2380639432
3034131110
2894299450
3257425359
494885378
4218870342
768126877
759657627
4135773933
2503208707
1531006321
2265962972
3639869195
126243087
2878328261
692592373
3496897859
109766450
3209462232
1318063419
1378529698
1096868057
2177174190
3269843937
2533810811
2856917310
3339721746
23814036
3853388305
2751968827
1942708016
814177934
540758369
776133471
1894713085
4293750992
1606338606
1910435012
82959212
920252667
3229557177
801908762
3213557905
2750569979
370056761
1967307003
160792183
2023027013
2467038335
2084600307
145013484
1371820480
2505695111
1401565839
3539065043
1430462055
2254448131
2197050447
1228083712
3261223489
2856012708
3703442347
2669488319
917477189
3885776236
2056402301
1750629558
3994931460
2001646745
885754211
681262197
1272759459
4111166889
18887023
3645599307
1119986195
2407536959
3609567739
1550863492
1478347181
739553177
2753550215
1427821303
1257577567
1780450475
2529486387
723963552
3131935678
48460393
2728736424
2868151511
3067936065
2752756713
3802420175
3109501144
1975969490
656736011
2416840159
3539869827
3755869406
3691575482
3187132112
2629111389
1388499216
3815140247
3203904700
1819815793
2838043237
3929524618
3376575589
2990895360
2295152448
2485298628
1004621717
363637299
1840093130
2063318019
75360570
135268080
1271749997
418735707
1776970950
4088960858
103882818
1839809528
958126617
966823166
2969854424
315927593
2693088053
1947709439
1991337669
4273977457
1673989072
1724559062
1983993094
1938105904
2706468827
2779453415
3186440685
1048552786
3566632125
551651282
3054322831
889714293
1383347230
1022206057
1570736816
2992811138
1664624618
104136663
2653434100
4206480181
3427997195
2823447785
360105014
3432754299
1205870904
3021669554
4033040856
2023426455
935451849
895067120
2687584950
1660921848
3313321812
3963349878
513646466
1703095642
920234841
1605964992
2389225762
827449765
2486962768
1617208888
1649315262
4007394291
688216473
436081644
1785647950
2338563146
1680343541
3324711786
2240790237
985890230
3973582448
2746250193
1990594597
1563818536
2443261545
3380551481
1572291101
291619988
3727989426
4066766717
3243156853
420434571
4086310618
2054100896
3416260000
1575020602
3732823560
3317356446
3149510864
599158694
307346734
1625205178
2510013645
