910767507
3763892170
2963076779
1826519962
169149568
3872948496
1182819781
2750540322
488671531
3799003402
137404580
2818305192
2898991509
2678435782
3776501027
994265398
1898739441
1469092644
184754772
4135032739
600315771
402854145
1604851377
2444980403
2833937035
1506353031
1935187503
491414113
3226850843
3000269067
2508087977
1485027385
3132331879
2605131280
2806351091
861363825
2433795727
4233472859
4092836652
827034878
3801486185
1837168288
3521876706
928268185
2276704842
2259333013
1751961040
850621823
1113430022
635773063
3041751158
1130473317
2584019558
1112128569
3304306832
1796334636
2211199327
2525684959
1257560239
1129614741
960488479
51250280
378147822
1762465004
807313978
1582371610
4206755119
2950581766
3596509957
2765106504
4286204682
3476595380
2468394630
451602352
2138656506
960601734
2663939428
1161117367
3154362795
1573177000
3198225268
3598812457
3871793363
4202581110
2031530730
1224130909
2767532754
1186332148
2894200248
670663483
2152207054
1646380436
2601264169
2686288955
2135749983
174711530
4276953868
2476981048
1355479298
846301905
3746873434
1688033234
78944447
2062396381
869084543
2976349499
121336399
3239769328
421883534
2014071057
2090622395
1352948100
2249428938
522722566
1969531073
2640847186
3388590100
3044309181
4115507339
3348641198
781523704
1492744562
1154003899
2479145425
4172383561
710814115
3071808180
1593314633
3080141831
2381814947
3378431987
3433027552
1864409624
3634188411
1193944540
2571007497
1592623820
3733479030
2173349473
519774096
4123256975
339527016
3518100653
456586359
4185436610
3438901303
3573811850
1751213278
3937276688
1992648196
3008790706
1602460212
1618362991
3539069110
1357146736
2445169963
1431712775
1476794208
225132519
1546128732
2072745455
191985774
1522816447
980868087
2888612942
2839935894
1770892650
3697188887
2577186895
1317985925
211510516
1538649470
2872980025
2563054364
4238143739
722293602
3839506602
3189032463
3589022656
1420844458
2364910421
851912724
955487776
1330389026
3843276326
2878950485
767283215
3750507721
2731216952
2480077838
2532268915
346344891
847346596
2512359147
1866987672
2500385186
1651460393
2782724305
419622253
2511439974
2746371694
2419571653
2434078541
2884652298
3258152900
4247426934
3925529155
330011703
1918021008
1681706321
1064311070
2123424494
3816830557
253765025
91804216
2928734502
1491906645
3196045013
1107538610
2467876728
2215632086
2377098494
2148863597
1453664980
375847809
3582720662
402544078
381751878
2019499181
3458274001
2609649973
2837589308
1320759144
3746873401
1151125812
173896188
4034638231
2209889066
2132811216
2219843083
1143409912
3178450575
3175727588
194656854
1967629504
590068573
41838382
2382637571
38989230
1137005975
3606769415
1224320355
3140900720
4188394084
1730697327
2514369016
1279705126
664327175
2033094696
3259776280
3230114027
2815638599
4017390105
1821191825
243136657
3310751542
1662473624
2748872131
1780609081
2827593145
2671887313
4081548867
3540262470
1269529906
3864377087
3432019074
2778690054
3052050995
683076004
1355795000
2766457654
649614421
3367018861
2762086808
408113708
31379119
3714752698
3963645592
2724618471
2790572337
2488607065
157465226
528904537
2172682558
1358779877
208785704
3408551502
2725827163
502624774
722761997
3877045031
811005270
2223550696
1876641108
2502890711
224777281
1755914728
1839686089
1297207273
975037302
3846862532
557242158
2552194767
3896618938
1418484781
3104302027
582963935
4230686590
1247482502
3941034164
4027275580
1233682750
3242798934
1226745080
351184806
1272519707
3205846596
1821095549
547797611
3236686349
686425208
2081306430
2858884321
3672185099
2585900281
1409346500
497910603
672942415
3479261483
1707976346
1311807990
84190234
2523954147
870055000
2790397520
1227859841
2774654822
475148222
3399657741
1644671822
743203107
2861011186
4138775631
3963201740
1053914998
4079896358
936519946
2604549442
2571154222
4011079264
2560265840
2365998569
2286013070
384145524
2850818014
1826255680
2183455689
2806788005
2539537416
2639058015
2416736600
1355473029
2857311975
3261618518
405156463
3726612457
3198652789
2594468106
872608574
302628635
1134012852
4277541152
3808285835
3964089242
3432659434
414633077
1571208649
3049775942
3738510150
3842785316
3153420600
2281740066
1918574255
897594069
3529433781
1212260123
3122672756
3412392308
2160156170
4293908250
2385283508
678639088
3865168995
3874437831
3716854905
2793441307
1290916592
2429890163
4185632459
2846997995
4144472272
2066104846
1883125802
2064359540
3620313090
4093092677
79920068
1364102368
4094839162
1276154765
2103643852
42640384
2073301209
3603222701
4014570496
2557708216
965815886
3768272314
714417010
704160923
2091422166
250030407
2829140963
937076179
3392452446
1111668433
1117608565
2261671684
2270463263
1761845271
463805543
843240126
1393747277
223797212
49401762
2600431704
2714863773
117754033
3435711798
1505479965
2696048560
265272054
2170069887
4261785856
427157398
1527585319
3289943493
3981906052
1354508715
2861260041
60216959
3523246116
2552001790
2161130610
2816480439
2891429386
1745582096
4150727935
1220697213
998089014
3141152308
1427520747
969714380
2932383365
3939936545
1552044180
1079056658
708900247
1065717912
1335089759
2189607962
3420770890
1252010730
2844263176
1133810624
20608956
3883245122
857653721
2955460362
3367885109
856563162
794619489
3346555881
3468072443
3430021566
4221874558
2266459251
450757112
2355760510
3645946141
1092037830
2451305732
3761452641
2899474325
373419509
1190778305
523898042
911194788
3582649367
65852967
116141309
3852746025
3505049548
854436134
4059532402
2786137368
4193625690
3278823970
1436350054
2791285020
532814818
655248670
1537590063
2437571463
1215876361
3854501041
1864166968
592945394
3677147685
3307687262
1122648152
1011390076
425685310
1176388477
4147851196
2362632517
123210212
3798451440
1058713251
3380593198
331339234
1803880172
98232084
2146803214
2674211030
2731035532
1406106759
3170378478
2110702631
1633483329
371486287
2783832037
657044560
1705526316
1753256503
3741982941
3263767808
770716205
3424167700
3773459790
276309600
2653708107
2664144200
2011903588
1205820093
1673729452
4154460202
658193428
1657163077
3106870676
199803817
2660243121
3279274483
2893495101
3197839442
2802347874
3474448997
3331036905
449107737
1310903648
279555678
3439705980
2720108065
4020852327
1796182939
2276612883
2194224067
12775725
1591211961
3776075329
114627958
4173335258
1683404277
972690129
3231889536
1826478325
2261894703
2034660584
2766886826
3297291420
1894929871
2104965115
2839664706
2788945181
3623134429
2715023998
2084461279
3554651690
1177440509
29312236
2140994752
1710656386
2599579596
4252112174
4281306076
249377924
1968894565
3850414272
920655665
3168747249
2904863119
226310591
2200383857
3330884183
2154673496
1502356511
1873157975
2963861790
2933634240
2880899373
3964857479
409008882
1247282991
2909685386
1430945142
526439063
2769834774
4138250057
1483116717
63847691
3057923342
4133679211
288047981
1896687923
3309344618
3422938715
3480751225
3098025894
3309390920
2007210913
4138567406
2039316095
930933540
2294504545
3328491337
4220603999
3613711957
359142839
2196605463
3782291506
3976633738
1499014253
1535007176
3261931183
353139988
2789046793
3728167093
1277838494
937474313
636163743
3480146482
3889247970
3555024424
1743498120
925796204
313225501
1960122579
1590110386
2051367136
421148144
4101143338
4269391836
8720997
2997265419
2016427848
1450193470
1911631881
2418968783
2018636151
3168610631
2652143666
1596663116
430264577
1159429182
2107581052
1244857446
3882840958
1543512865
3252937789
2472037835
959205377
9615724
2968224363
850098059
2650800259
538223437
2659916388
2673166769
4172298854
3048849691
3723811963
709333937
500016291
1617204200
1218879984
3678488940
688647951
2838805083
1388562551
2087308982
2129723906
2343228112
2074960666
2826668262
2620935986
4201527478
3990413893
918601973
3722953603
2333529384
4094556976
540512386
2309720348
466541696
3283172612
687851684
1414266792
3561105050
3330794412
4133757914
2507657776
625805232
3402963981
2017308303
2298549791
3261552597
974809556
3332475208
1999884482
3689968970
4149832376
3503607322
4228677115
4097497891
3334568500
1504369260
4252820838
1874482311
1829682062
3411866309
1215627533
4094445744
1365531583
2096854394
3415163440
533878449
1958702538
3045788648
3580115417
581268647
2788815831
792959371
3818761027
3858819918
3903751185
3273906725
173411846
1204002843
3634598164
1087978700
480573398
3868336813
2228157390
435664665
1236365229
2075410353
2881394919
2445863335
3409979002
3098212957
3606298859
2536052116
3404252604
1805532421
1546145424
2946912230
852039154
1554105493
3619370274
3567624649
1513558760
2929655431
1278431343
3527883013
1792996263
370810144
1983337364
1221075831
3535603467
1264460174
1613184145
2349319125
772469961
3800789502
148288481
3112580335
3579768720
1373536592
1968074697
545611928
972569291
4069042396
1961926066
2776565836
181393390
3328808590
1696451202
2826670153
3017443335
1837393252
1953170599
2867033939
2377158345
771650894
544893359
492738934
4288709974
701369390
3052728899
1551548816
2243931960
3535953214
1830171689
1800768261
315757470
192889387
814939932
1805777698
3359609365
2371630775
664046699
985019955
656345630
3491715794
213156003
485767080
806628659
3699025988
4211475294
351245830
3515426129
3923662687
3750251947
1127378285
3833240221
3809653218
1605704269
1617008655
1564100278
355985595
3262472620
681022978
3156333608
2962453151
2951328920
3455773361
307910041
3775457941
4068561723
850587148
176856842
3053575329
3117750475
2472600312
1526338819
1842563443
2497449545
3275958812
3585603054
292722853
2350488481
1469923809
3097504746
3653206807
1718471622
3163970078
3767591981
2267963159
1500481111
2141757643
145660861
2347604440
2175881047
2932768402
3681726123
2327490678
1801504895
1096295733
495911172
1151873182
867094157
2765369806
3788412874
3645201483
2950576787
60894622
1601180803
2383302745
565251001
1939037390
1093931287
3508653870
50760326
2216087121
1482095388
1147152497
3385330167
3013171755
1485034925
2983030595
3369262149
3937926832
3851677149
2740879891
4079764958
2156421445
549537296
3195958487
319691686
2862345479
2842289624
3281572478
683408852
2866491620
584942607
1130627740
2149820219
2257894748
644704151
1954695448
1052839463
1267413887
1700989671
2791827211
123270605
3771702972
3472891700
2310980717
1295304096
1113420273
836282273
2330089376
4179327849
1101166118
3391869476
4251921120
1950929542
1534220826
2342343464
697239309
1182353538
2739719511
4231530796
640309184
3608437964
162924059
724247892
2244751285
4033837003
2719499649
320639596
1267964694
1720995704
1313430857
3708728887
1241429556
1864713341
1956663722
2176220261
3913696279
244294165
2387272487
1205513596
3287751285
3148655283
1801012261
3475890026
803459602
3299175109
2841203612
2318046037
2530163807
2327217285
1328265137
3364503694
602559708
4145583545
1683152269
2414386326
814721934
2104275373
3609725947
4218510067
242698039
2040578476
3858333832
600988496
3334173217
4260133929
2312103179
1027015737
2518601600
2160306191
1051225653
381478317
1832937704
3821577701
1872359303
77252635
3611486037
40802732
4000959181
813932165
3909803667
2235038434
3718572758
789367361
2454355899
3976047998
3244005934
1323965055
2701835817
3397806123
2337936859
920401672
1930735880
457542831
1983446610
2418543014
661656007
2141054266
2474501600
3549879747
22456814
2489377529
963091396
290312781
708117785
1601317207
1687692650
845561907
596118454
1814588864
3842584379
806644943
4092451649
1229171418
1656239350
1054540226
2220954377
1786144444
2106422859
2655843870
2113503169
1785369563
4188780452
1556811931
3790194840
3473650734
718180994
1142603387
1557261176
2722229008
1266985299
911318428
4215027308
264540015
2327677362
3030203913
928629270
3326775584
4128202031
3685101691
3813399750
890368004
4111394413
3190748454
1451976793
1491865999
692204659
4031752610
3675593307
812820615
608752521
2805027531
2852953328
4239082742
4142816648
753362984
3736420949
93270277
650511244
3396076760
357603247
1805655935
4065261771
902092579
133996992
1654103009
3687118952
2919361695
2983981081
3532890930
610705112
1349793737
3890550659
947623727
3123883809
1744076065
3745305863
3356807551
864375845
356633062
2589831955
3196192995
4272090365
1262776738
1436823240
803448909
3017323477
452054227
1085261254
1464138786
2237606017
2436128953
1505057682
2098527372
4243644772
336139531
3571292239
3050433210
186020210
4265385261
3059549923
1407088397
1990991314
1622252456
3145946408
3757014999
830066814
3914367917
4136613901
630426747
656939877
1286072103
2878114686
3267018367
2937577289
1127635715
2211151410
3876488240
1921362099
2667405
4015192196
1069188241
196073130
2173886006
2382250787
4182549704
2294810261
2065591796
3811607134
3266852050
3941519289
42658496
3155217757
1808293522
1038963081
3246692055
237304206
1532775357
2162530157
1820333053
3721456777
3334002155
952703907
279665693
2568377578
176109826
78406288
402665062
1853246016
2720365451
516896094
2725367044
3128933979
3311959698
3047357990
1881301004
3689190876
596466678
3225654571
2700909110
2578986546
2377665817
194045397
861435143
4232377075
3278135565
3312578450
585767726
1223219299
2102027006
1319798578
3845949503
1726900887
2123923685
2926530461
3209235186
597306735
3914024455
1414011525
1691215764
1260943279
3807608275
2936531989
2616756458
4086937746
3910333228
346926868
2990054845
3841649662
3597628686
2937259139
2090871966
810843858
3468038255
3295772681
987619470
494040565
2840902937
2017356854
3082054396
1537372607
1300001922
4194657385
4114845053
1699790193
245426588
3415104551
135706469
681164755
3278002898
894027103
346907707
3929453526
1490647798
196706815
997467803
1112611853
3500191658
4167761449
1005225242
1076377238
2532012904
659922573
2617794872
2821617399
1707175122
2075145797
2052354897
647685976
3617340877
923179130
1607314874
3902116780
2611052734
2863624170
2942317958
3215959741
2603002675
2474628964
1320886950
3841686601
3793213142
2166329115
502211994
464904982
472750392
2405370153
1390370304
2883188102
927737103
481360727
4196584322
4202462
1632103601
3691239903
428966265
1899078143
2433284242
1468850131
3234427616
4253265381
3276207686
73392525
3722299202
3545984553
2960206348
2024453290
3217304828
3678998768
1782203687
2171932700
251111339
2880969595
1268119830
1837639899
279640153
180635977
3924905685
1378450728
2750895604
2049593685
2540683640
1192613692
2189511904
3579316380
265686623
2547991835
2225602137
1494412400
2138266194
308078803
467522133
2178979021
140845564
3230997357
2558382118
1066290533
1824149060
1816395321
3271507059
1804507458
1199409340
3192985146
614625104
3623757937
1236892270
1597888493
1401743394
4059498033
1700602026
2773928144
2405992394
4179686376
1749657656
3853748645
4221230308
3198001533
1930817891
617168776
1076367790
1400295530
3882247711
2662662033
2382233880
419811332
1320145622
2066950267
2097310656
936390440
1760144259
3407391107
686884845
2007621372
144144935
2406168202
1475332535
410329648
3632415235
1555566633
2668817559
260592735
2773098547
4285923720
85840425
1612718895
789612201
2213384693
401380311
3192273520
1395310399
1235061130
3693427345
2729755144
252539807
1114331200
4243046405
3754912395
3742757229
1716703523
3326038372
1683280414
1966394896
3054920825
813975582
321262062
1902669184
2297361990
1419078214
2286133882
1964257261
2294158371
2111917895
674839979
4121389137
31004824
3061864878
1320207330
3400690083
1317655457
2839861113
358099355
247185603
3620554386
3970022634
108756833
3413883682
3531667978
1185292966
1844668614
3900420218
2568396231
1214613572
2084908802
1780101121
1226874418
695108545
2799037627
4093089223
3301579571
170356711
1611286239
132944840
940433912
2273100359
4183682003
4072833342
21663274
3344589533
3749597359
351504431
366500233
2559320665
3264045620
3356697811
4026932078
1054883842
1905944943
2233228076
2489041453
3720492871
2478502178
1087740143
1375088616
257754653
2780842802
100055815
1123224246
259620772
4086289784
2227691271
1129091566
1009112504
4050574091
4247974481
1786538935
74214580
2592776824
3607894021
1761868517
73532216
2665975713
3741930240
3871961389
2792444881
3090555582
3863266437
2466702950
4210648201
1061846852
2317040071
735537691
4120454147
861851562
3399984217
1310451605
313680529
717048506
1720444214
3032905721
4004167711
3094972562
271641294
3050804227
3017024287
3862784027
157774582
3906553210
2764269097
614398779
2448538864
728695153
514753096
3770383680
1069049792
503769476
1334797494
2822420232
3393498267
2275654488
582926322
2708055049
3305623331
1123060797
382536077
3354487255
1233962529
2485392308
1727992606
1840449873
1850626972
2533589464
2955347852
2097769905
914968769
1088082102
2013039200
3891608278
1569230085
120522075
719127539
2429374961
2968063364
1710686994
1668276744
2858944505
1421078708
1954926392
1217339480
4101222221
3066577115
2615154864
2265422862
3234885546
2642206234
675342965
598854330
2701727708
4103034386
2213560920
3962939812
3489595480
486406649
934734466
1155810623
1618088891
679143673
809511846
815922184
1778315562
1085871610
2567520273
3247212072
2053793924
2856175626
1170727214
1429421140
2431240772
1804810699
2933352066
4273207410
694309372
1259647438
264696418
3419231941
336098601
2849964918
1833101499
3783008066
3646975295
888373827
2452637054
1158840184
2983777061
73499650
2082502194
30883916
3109838132
1881833870
3240609493
2178010561
1318716342
2689369360
1179084369
2326488714
2306342993
812300452
1242165896
3660324874
775149083
1630486322
4089832112
1047204866
2699820611
3709058558
2258596500
2892503400
786024892
3602324741
703725906
1182425517
3447454896
618754746
1243510380
236246056
3436112761
191807070
1668757732
2700084016
3691070525
1657945021
4228871887
3335155798
3681123222
3134164929
2159751116
2177889733
219729900
1405433284
1225477027
1805029387
4210597780
3565789605
4198533772
2124523982
392507272
3180534065
2736062693
2221448522
2717192304
1640931886
612359039
3885621669
3922902605
2931072961
347023035
468035500
3099491572
2106619201
2085288601
87346394
2891201781
653985947
1086943730
196141055
3108006291
3328917852
3194190128
2200935644
3804214553
3034388643
3074037194
2157748489
4213792232
1145437532
565153484
2563038748
1549466
2652220447
3630606425
2628372725
3476416003
155520227
4282420389
1787037566
890017409
2455598795
680531150
3037083772
2690568050
2864227370
3421445583
2375790082
3772646285
2640776202
1039035980
3773565048
4276451081
791493176
3223988908
1801436974
2495845620
1665476070
1155304984
420323546
2216785703
2666018369
645511905
2949362846
3561635594
355315532
1162164429
181124558
254704923
3547635703
3526013694
2511333197
3538544405
1533307630
208588726
3233276133
2410230953
846202264
1658082665
3519476880
3778970576
4223846237
4231970067
2784686637
3369749590
2402023856
3979241383
3400294785
4000067638
1811262296
801382402
1109551401
2263731366
2248090435
4218534993
3081960623
1808162786
1240424732
2935964280
67450821
3410631408
3133701537
2723205808
1225137867
3303310984
3539556903
3946921808
1228405200
2523978215
1089143461
3721918439
2458458345
886334622
558749543
28071651
3829514591
1361632078
2930024242
724382156
2329209124
1183041210
150138777
269187277
2946929615
445483531
4268868579
1909057053
459888039
1528332632
1954074512
4096128245
2579014065
2961491753
2020945498
1266154357
3792186677
2762082077
409876727
3756322220
1115934687
1168458279
2769831115
1201487278
923454978
655736462
2233731324
3191405464
2293518403
3257650515
1381555304
3666443898
2588761571
2211629657
3842906528
1183583354
1729311513
2898902914
2382858301
63696269
1142869959
611433496
2852682868
3810623181
1762685303
3784066022
669287799
4262560584
555339914
1335219173
504602896
2336789251
231645558
1459230828
4077937937
1544000374
2735992645
2553658004
636870170
1301883419
982343918
632397331
106184088
793480911
1886242611
4175154911
2150325348
2037069488
465412293
250819997
1079986968
2308321372
1229089304
923866588
364166630
2807578007
1317443420
3500597424
3386123085
3294492150
98262471
2282738140
2875417173
3534296723
982654576
1413842798
3476533241
98777029
640911526
1265884698
354796307
3729440140
2848302246
2398008474
1711992196
773145716
3002566060
786130219
3737122904
1401836500
2828760494
3218717988
4180407007
1284401307
2455895776
812725704
3643049015
520270614
858562848
2499290862
2165119084
3072484624
4212143780
1679290481
2130754849
2925590136
2396267904
4055803202
2927510742
3508370859
990428958
2885803724
3982201912
3631010833
837552357
2893805674
430223092
942031281
3972150796
3531120004
321148028
2272044513
358664483
2137582821
3883533939
1264814425
4135983841
3019963184
3931888741
2451113007
3702475983
2112902927
3352426579
2841745918
2796769887
3274038690
3246915234
2501677059
1305885455
1985199087
2963697726
871310275
1956270445
3415965202
2577809083
1492773085
3651095181
518354562
2122957508
2632221331
3601708313
3888430016
1589762523
2291946116
1637423389
1407613839
2803614633
922668000
190454305
4090535890
1909655403
1305120476
3149625724
1781452028
178618025
326695259
167637018
2216947071
1448366000
3577871611
1033141164
932470282
1744317039
712157501
4226323093
1828628775
3113937612
398238719
748623339
3046774668
1931737590
3143382869
1018753821
3534222120
318326975
1254004441
3369462802
1718671884
843431350
3598265872
2191705125
3802946479
1925037628
4101489506
2673727690
3367903233
1410438226
3611736188
3828522248
1765902589
872223248
2819204553
1601613500
1193442189
168873760
1845658012
3563076238
3609901062
1187473150
4231249884
3056467698
2525655484
2740898312
4084198503
3155488554
2378817374
140095370
73532800
1516168675
4011694007
1488737794
1425047474
354692586
3732382250
1919937813
2033037840
154873478
3127262095
113213273
2916597187
377325577
1775600523
3670286394
1526707007
971592732
2715101551
1491894304
634077522
1304020953
3314909467
1657238791
3928890247
3268095650
2428477620
2104790767
1567676332
1146232433
3309692850
2088189534
4188204461
772616482
3643203341
2954913839
3582182699
1042033965
3319781030
3407448263
3725995572
87013811
908443490
1878476798
2494417863
3417938937
799760888
3390172918
3842562569
2008327242
3447839155
2230551909
4032735366
1585257835
4152043956
2431214013
2542568522
2348752089
339787456
647200524
1234751781
2829871113
1807940303
3708981016
2012736498
3752164297
2421856690
1862974684
339957310
125256114
1078121218
3405168781
2233295729
859110322
3342789789
2727821968
4047285630
3640748315
552727306
2589899082
1136526619
4273698432
746271891
3291619466
3164086607
1920868971
936578923
564560362
4156170960
4037640033
82428565
4286786211
2482079728
1344621959
4155108424
1783172585
3744033982
3338447818
195726496
1614140095
2943473385
290976707
834613857
521490851
888333077
3622698702
1427809526
2058555303
141152486
3136720585
486037618
2301793158
2436296820
885142600
2893798999
2373148467
1702381124
131352328
895703451
1531393966
4188854821
759292759
3318506493
460221734
3828598880
460441942
502566353
995117804
42583689
750580278
1877381126
3090833945
892675301
676137834
1780507332
1734804323
2122945246
1521276952
143556622
3329163156
1390377430
1896491071
3081100353
666075734
271345097
1252066548
1016539448
2260517545
2802522651
2100978559
3270386473
1671485064
4193225111
3167634535
1363689080
1049345857
96400922
62922839
2201978632
3369828738
3782227454
673184033
1354369739
1219605635
4223549023
1763627144
2199723225
3289626395
745982124
1920095983
3563870967
561964784
2430510599
2468362462
4188323638
3267865738
781979755
1590845691
2904437479
1102102978
663752089
2433845955
2718531758
1971892711
892861260
3261472135
2845324903
3317030415
591061673
3681154687
4091674654
2760714483
1521101709
2687429328
3058924095
3709037580
325657655
833258473
2352361424
2787920990
3267503149
1281598911
3561207072
3592984917
3313266926
1086450136
1310614227
3041422608
3736770159
1665294530
326252333
1631226263
4051027482
3702508789
2037725173
2930399478
3226228055
1022445420
1445282639
2245350873
4203125526
3924750175
3142034232
2760138925
3097297247
3436450105
1201336126
3165882080
2587449766
2499528767
2503101091
1115255063
1758693645
4290160210
1722026799
3919994322
2566824167
1636515251
2471964156
1470329819
1849924870
3850690269
911221162
3618150979
3203746142
3087857765
2797295208
3923731015
2975213586
4011769717
305059177
2350665244
3912380549
4032754610
3942228740
4170175590
2738947363
1792061682
1967350545
3565509304
3330170808
2998191230
3100711895
2150040996
2781893164
1181745643
1527641522
3887193900
4093969058
4109091076
2064170779
3775788886
631889034
1428206086
4027853812
4221196266
2290440501
2864362588
3761825652
3577866392
2405917445
2248498660
1294396393
2963057143
559016595
1964886219
4058515940
1089270777
2523120208
3177837256
1020373818
3432850020
1173859103
725664900
2364435959
101683789
1942574804
1510306811
2099405979
1334628993
2085884833
3300804390
3620511756
3652546327
2100185351
3778886248
130059266
2191589327
3312318570
4072002735
2020519632
3389613003
2800377896
77548950
468578792
3123647823
2249452713
1647699523
1110404271
532910857
1454177970
1110428635
3893250874
3227103736
3608012109
682369141
584054305
3729496060
1887028073
1618246402
4260343076
51694143
4266766164
2045380136
1339106541
2817198104
1786015205
4046861471
3518825681
3078053275
428648877
315683057
160860873
1450864131
840353990
3025302207
2375491343
2585042161
1919360013
1702772367
1174715630
2006418335
188072042
3371144895
392365154
911428888
626548022
3659624497
2101896915
193949509
1874974377
1306479627
2190679786
2209725159
3383401932
513001759
537559766
2774207758
2269033579
3815477237
3377914040
2517258511
3574591031
4005059578
3247051543
109565787
3600692925
3129024931
2559091979
3790928771
3451354876
581034067
1270944031
271454654
4065556980
821967948
299167239
476040828
1627473283
1974108058
1008732989
2246049738
1674234515
640534110
2332949073
364067486
3306052280
47300693
3734300312
2730479729
2995236973
2784511605
2231872460
1787564241
1046719529
3378041072
2932191960
4102922400
3766517896
2112247704
2599101404
2509871866
51342022
911616974
3030790516
3195029720
2228188137
727830041
1722137270
2121696478
1806965919
2033596362
3711557845
3657988580
2778826332
4046081906
802218647
1671994395
2706603851
187825898
826779711
1736693684
1534638673
3630604565
1272769131
53477180
1238316289
2247384135
46420698
2926806736
2439087839
522160036
3265065333
693600375
2759769129
3839332339
785800218
2746832056
4105214026
3277003293
179103684
3858513077
2110627583
538569115
3274181493
1558350318
448163274
1375737945
550994867
1254827589
2696025095
2010003976
2247570488
2586761711
1614669387
146192468
2899334153
311128609
1136647031
323581353
1017588044
4047593683
2211097002
2390504021
94816396
2969503489
3159165369
888434928
153012826
2985119399
3476886601
447114220
656733663
3498728070
1512125659
4155392256
7051310
1035215301
3893952638
1209402422
4023608794
544955831
3744088636
1356285258
1554423451
1352183959
2147750907
2930800540
3868246258
3930635950
2519626745
3012298673
1365588458
1833360103
955337650
2256046860
446459576
2589488678
2383451800
4044208144
1562172327
4059831553
2808271374
2861316843
247886558
398868431
1835482732
3007829616
1255378368
2637052389
868476267
217656321
726474074
1249645413
3706395102
2893037762
86238512
2534519460
3103250304
2232787173
2225286852
2132132873
2147376760
3489454357
2680603238
290018679
3191931744
4115087402
3669674740
1510731587
3399961192
1226664737
1823015430
3988061666
2501432117
2834479589
3612846823
4108127666
1722340383
3261389530
343718936
1747135799
1133100105
3354991409
2766400300
3562786868
652825397
1597106379
3632920164
4050623498
2632783453
1123896733
1619916086
2112241390
964433718
1822680780
97930293
657282075
1400830618
2683514082
3081059645
3334064751
2005238328
1382150921
1269463429
714974758
3112969111
834654519
1423442829
3457367546
2617194693
19892660
3586255456
1671568256
366869928
4051656747
1340326209
747274099
3471654430
1246793562
861193686
2803423707
2148400418
2772346451
2231940169
853975059
4021026755
2199487145
839953792
3527735379
3031302904
2803632677
3337253483
3669899811
70868239
3551961755
929650835
3647879590
2201958797
4191894011
3056416748
4217562879
2267981498
1155189922
1576342641
2131976998
739191110
1689268886
3124380117
3472368769
349787773
3285327728
2266462384
3229842839
886324263
295946788
2759265756
3121312704
1268757556
2003223814
2944055531
2273534140
2608292383
1017383938
4147454645
834556444
1746412773
3150532514
287057
3320375743
3857820564
748095036
1081219221
330889764
166207776
3322566434
3378882312
3022682878
3487404408
2175414652
2212907974
3609052811
3523734530
1790825780
2890616706
3004908411
2021827167
3556270203
2537895199
1556522514
2710524915
2788729843
2878416979
2935331102
1458931963
2308354491
2715147953
2587118204
1404839367
1912650130
2914944701
1594709721
1507418346
3051310648
4134840231
1971594054
1489326539
1414444928
1701194457
2383133338
2066573765
311018428
1016387566
3196420334
1392914825
2631135597
3732053772
3584611206
2962845828
2631323883
3226392952
4049270604
3318485757
3499277145
3268666982
3596898970
36283079
458870739
2089147384
620720630
1522195465
4272506452
3529442567
1522045623
1172657386
4152896377
1536870448
426450600
3719933208
1103084991
3389295981
3215235820
170752588
1239021340
1379538190
1649895202
3346000559
3369613568
738437588
2000047560
3507077134
1829113887
1624012123
2248430824
1541330060
2299760860
2090543529
2087371637
79853553
2112607064
3445149676
3855132802
2956533487
2029717639
3615922301
783822247
501400471
1787387046
2367246470
1937804347
3486304460
4027589251
2326853101
1203787618
3525037741
3160193188
656834521
1952666933
2342281172
473147802
3965174202
844119276
2164282194
2669140866
516133659
2573148990
3945744279
490729676
2983166763
1342839666
509825954
564613345
2332221547
2368934917
2998969340
2482478394
2030849759
525265466
2705379096
48265875
3516646122
3039893139
3488199291
3520906764
1621131988
3167109234
4238128590
546483382
565116901
174882179
921168812
3602216346
2560849872
196928376
885473829
2515019335
3397273689
135383667
3342781699
1423685349
1719995312
541911467
2798328038
3763662570
3997243607
908753822
2847145904
2677397271
2394681339
502326339
1523170116
2878809434
362511865
3653685682
2598631466
3076535100
1430493541
609949989
534502662
68677717
1234529141
2443939910
1984789948
2373845852
3111091115
3429059054
3600539077
1729291931
2308766359
1913101791
817779067
2787343076
3301308977
904925970
3548287338
906671575
3548409540
1605599726
166293541
376450023
886957139
434920154
3955856397
3806592256
377427662
2205229108
4098077426
1597121590
1605018467
2055614267
364669139
51465314
1708717762
680081276
1298779707
1209787369
2107198879
352733439
3274103298
1716784012
3930706627
3175955612
3471031933
3062018591
3734523689
3359781151
1172643312
1909355212
2678856106
2610173259
1020119728
865282561
942938862
502062931
1536277539
2204850709
1822492976
325380297
1876976722
1925503579
2814998304
2291282589
2630810115
1361396768
1265244003
3648607420
219561153
2891658557
3187218512
3871943432
179734933
737621060
2297981766
3991489695
2992885245
3587846848
2726052394
2540779488
3679816019
3484183021
1740291428
1778550174
991194756
693499965
2593507486
368538604
2112993353
1855513036
650963046
1527991707
962338529
3229699182
1605984868
3318997984
3276215600
2339849485
3587067850
21185204
2996417847
1864219715
3988493632
3988233665
2344528822
602711717
1679938252
1183353009
105481318
3875869573
4095449906
3111887171
2378449457
3811267192
215112710
2258861558
2669224142
1169233859
3387191236
3098861228
4059641882
1115606591
2794175432
3219273722
2889292894
502940740
2146437795
29167385
4224838773
2828405376
302538085
999291378
3212837997
2468431635
480607211
353882109
770600108
504833220
3192112866
5368022
109633306
1375369110
3327612930
4095391823
1466757900
412732486
4037458363
4059738847
3671646781
2544117407
3603778610
1501599348
2593521909
2579164004
205871602
1652554263
2714248468
3728812294
2718089429
4054860027
2664128032
1932433526
3061513855
1755137350
4016032652
3814678960
986792045
3377965045
4091371811
2249865076
3101204232
2737552545
3073605271
1499332220
3028023076
1216227558
3528405422
1289414528
674045367
2204453552
1420784503
3264250469
1955428623
2019125185
3720035582
3148471049
1576190355
1307546048
631330409
761021544
3324053731
2221073812
3989712457
4081801907
813268770
1181134001
251894438
3518025372
3084785013
465686300
454451723
3493792846
384216338
295854100
3540971471
1861000046
2606828721
4235432608
290308195
3779453577
425919641
3710237289
3316894442
1303503036
3837429461
3949138018
3720103313
1730462931
1550792916
2548285663
1467630258
22813045
3981805534
2997978730
1395209758
3663770839
1350614749
2228711303
3387483335
3730404840
2417829824
3938895731
1044973816
450835009
1932889619
3993357403
2583517546
6060010
416230423
4057345778
1730297656
2396533134
1512068830
1713009276
343318418
2807393551
3445260855
3927318365
1987439657
4104869961
2252016221
41792528
1330095220
2673157489
2699800436
3458578849
2748987060
1765240804
4240950074
1224322512
2997062381
4174735071
1351964569
1364771332
756055951
1915850827
3380612539
467226107
3679293764
153448270
3765732464
896781546
1060853524
1354177960
1398097192
493763847
375058781
650562578
447203068
2792871797
4101929606
4207717831
2622571709
1606434043
1870898514
1274839004
4240342462
379808430
2643106285
891206510
2938299246
244344129
946090454
507659111
1369633508
1868956503
3582684331
3364072396
1126636577
460193091
1833293332
2641014584
671171249
956218159
1285219840
3511089267
241903227
783951386
2366286907
3175064476
2555045652
4093504650
3548656088
574429910
1231158942
4013599554
1770484843
2786595402
1551712539
273536994
3027563987
1336965033
484168186
694825013
2149213302
927082777
828888779
2926604079
2992345910
169471455
2040244309
1083205287
1658668025
2061977543
3689187645
628505764
565251390
1057666875
1983508206
2627026270
4192977390
469743601
2768496302
4244474281
3400812955
1963376138
2822063722
2271777268
1314739595
673872418
1431293059
1287019343
3187702670
1053074698
3015006834
1722266177
3302236650
2025871112
218404567
3690958786
2420870956
2179522465
1489473730
121280714
97563293
4137237726
1627575188
2240934912
879094358
671371989
207153415
1416322890
2288154171
43742359
1559854583
3648583343
2424881477
3668761824
3053530582
128812550
174082144
1647588558
466566803
1951105887
595580486
510822378
3379115556
1654140881
2594029787
660903503
3712379769
2377033930
1050753322
726570718
470736213
1810154672
1138051697
1930298997
3111314307
780317012
3983892556
2122446287
3056127058
1360715497
2100691413
796052840
894693178
3867400492
2335655883
1843822681
342873936
2236691929
96717101
752077913
3256365461
2978997506
893255240
1668776279
4203666793
2127594702
2507478407
113617001
3246315465
3703678782
4033597733
3801855191
1560563255
1235393559
3208825106
915058886
4022983039
1007657252
1690493112
1991406760
777699445
912855247
327712177
2758801952
2718735345
402814150
1733085548
163506941
2971872666
1840754234
3242759399
3211207884
800529252
3341415495
3284243918
56015531
2996868503
1322836890
2567935469
664192944
993541470
4060617547
2877590099
881724128
2807602161
4117146199
1340991764
4004714394
3794423011
247822698
1715741543
1315746985
3932258489
2992911265
1615821935
279040566
2880925376
2932396738
3825697680
3363912358
2105871080
3424394107
2843752317
2274789037
1725475297
3663076883
1507130871
2735236590
2039900988
1678530517
1045654580
3738102225
3542314795
3311536467
2163456177
4241046803
1674180723
3105785329
793577428
1417892667
3236767475
1519012658
4112315983
1341326973
3410646275
3056613362
393925431
2305152677
3424949866
3379839047
2556489172
1643970838
1043124334
2095130854
2117252614
1711056191
1572499236
3610361425
2615417681
1223206535
2439964537
3483055283
774208735
2914066178
2556949497
393546066
854214592
866168975
1421502480
2292678162
3636596020
2470317777
286331223
2461503746
2724847492
3375615860
857885635
2207933818
1181062560
4033358040
2084564656
2965325936
1592532494
221687039
1047021650
2962191591
1103047219
3939323122
2709207660
2278142353
3642221336
1543554704
247325862
4266157676
2298352687
1217394465
3484544910
2947400037
2417468110
3982294380
184294049
38631973
3689742952
4236003205
1897164047
356158421
1058702568
1440978356
3880997938
1547255813
3939266689
432079239
2821644549
3309286354
111116106
3577605501
2361552722
1982027865
1447628248
3312770710
980693058
2016357315
4283679672
320255104
3542630917
1598248312
2515796709
3079242618
3701125754
2413020614
1265474431
1457491758
3415709374
3945317437
3983180156
2995313199
3272358895
2617449620
110338908
1669536826
2947646724
548616489
2894343015
1362821098
1021341795
1888922252
3212457777
398112397
1513743
2996602534
3935469711
4274538469
696750416
354375516
3067388416
415161900
1909177397
1622445075
1751354334
3550209010
3305445993
3929645760
3118444215
1675831318
1845651017
478228258
1130000352
495969062
2904379863
4012467583
2159646256
456255186
3992343199
3725784386
3891192661
2469598188
3663440267
1133625997
1746720476
1033616752
829258232
2472603453
2272152141
373256772
3286905536
3111005397
3026813725
6090847
1555437005
4068754249
2257471133
1087594060
3759965549
652145618
2184185736
4057277963
1380531432
520585414
6372445
2941331622
3061975771
3736832690
4100525997
1555905073
4036725863
1405333185
829342824
497187255
3641532489
2304699368
56229537
3969490293
341473982
1840667760
3668904303
1753477948
2017970945
580397591
410990485
611530485
1275425682
3563644780
204878657
2010297978
1125418237
1595127168
4141375300
1282190727
4119619746
444670990
396646879
1430645206
1720421040
1698480440
1689677862
2662123543
1980886702
3665064617
4026853807
1900781869
74759160
4197287458
3405019071
2245336548
1351801519
1603740806
1083275001
847520050
775320230
3504751150
176970785
810163145
892336779
1807819867
1292724754
1773319400
2379483106
2090254943
2238140359
1339013363
1345123439
1562421790
1951229404
2682439797
3413267744
399578634
2795284564
867969851
8570306
2781462459
2113105270
3488309237
2699369816
1058793923
1241293868
1463231564
223238400
1968269666
3907744312
2324439900
712264388
2808034740
529474170
940381520
1914763763
4150838262
1028731262
2258862356
2564381027
4031186236
3835404113
3301061989
525207517
4289875638
1612061750
2518624214
413750627
3383571750
2631144505
2314311445
3460549822
2065000468
601821410
4212324142
144674535
536359077
1684289906
1189103678
1598710309
430853250
3496202846
2746523182
1604692096
30116300
19684979
1416361000
3132551646
531918204
1050640908
3722521841
1353517279
36778420
3359056963
3521732009
3222408142
4256229012
3113523164
2354739810
2373826347
301022703
2473464671
3928928056
2608758708
1247368533
1880136946
3825592267
486732443
3616698741
2091383406
3014666164
3855457362
2656915806
241619511
1376369021
3618795777
167507434
2144643045
2697471354
67661047
93936420
2690044272
3044532356
2417004423
1318573557
2349150120
3576502249
2440551099
2931256777
3651220455
1221939739
2089853589
1373519109
262503956
2293893333
1117404582
1450112793
1214076853
36915180
3989258955
527552820
4190075307
2019114456
2916791009
2581186390
2539525847
1629649279
2662196029
3684153247
1778085388
318888856
657457166
3150855429
2767563167
3385803840
2808926577
2018467427
736109224
1288830523
2334728663
124528356
1359438014
3554842548
277530819
3294904076
767991763
2882391316
1194529257
1338971834
2246027423
513392231
2804690981
2065549845
3752437553
17544953
3997217757
2960846662
3004640548
1635906001
1391788690
2664740370
1053337644
4037479352
3901059538
3113864422
160588993
2359492920
3484221350
3266953802
4107365492
678470422
289337572
847604862
4182674559
122318534
1101041458
3427143925
4084911416
2107388816
571197088
320209241
2267696488
3328940108
1266942512
2694236851
1197895148
3074221473
1546571579
1026404990
3493872896
2344939366
63621812
2346485214
2397887084
2437927348
2074621045
2014679139
1045942052
610560425
2823219802
4230135169
3372636220
2358483905
1916149445
516396698
3209108053
174551632
3532928321
2067122485
4293223779
3000103541
3830303574
1542402519
1945049525
702447186
2494273936
2297224824
697893615
4267522822
2986530988
719457553
1451390336
3207830550
3335768342
2620224197
417154357
1999928095
4161024972
582970833
2290364954
3781442515
1527971093
3192712535
1278203306
45102737
1610971508
384371176
1760615898
2174009162
2458777860
195293833
3601075215
480164541
3945322634
3087372746
1461904753
912315642
1545239071
836443365
3133784401
776150113
2435054028
1371627012
3314807258
943239158
3218196535
309828278
2131790670
3880835133
3796604172
1651143296
864836606
2388809876
2185961589
3704335434
2723118083
2592658948
1376627056
3174562429
256849810
1912099281
4188841673
2823751079
3890114
2299449221
3445922272
2353322235
2441607572
117638380
1372194356
353731919
163111081
3618616283
55701316
4179348176
2460524944
1145861134
1733812366
2922401709
2140254285
3996123364
2724728844
1171606940
2000535532
3337636843
3549165314
4230311064
1675445915
98600999
3119416821
2881417364
2762040858
2675415079
2780421049
2076003418
3776047554
136043652
2054657084
1209912253
2740208228
4031726444
1116966846
3417300117
445538918
3076879840
1407048267
4059660338
515910707
1134790374
445321233
3796235710
1059745474
3544031623
2671405444
1425114720
3892083437
2747758842
1171148606
3625729121
1999033728
315061975
3045176703
986973755
753251181
3937432906
249223458
3301013941
3760390442
3716701951
2429557883
90427464
3595659978
2615680433
368638770
605553330
4173366056
3347967019
3075965378
1993742736
3122716605
1001959990
254614584
3844785095
1501550499
3025327283
3307445905
3615033797
2715447923
2472159277
1337580978
966344210
1172191117
3147757421
1375612461
4292255222
459988566
3394943375
2212602945
1931289198
1168568986
665187415
380547041
3842492669
2728500517
503623461
1172526997
4090895501
1061086511
2868462467
164628968
3943452335
2232080683
3058332386
1717990252
2027809380
2202272560
73938732
4108906241
854446418
3917669246
357044414
1271124168
1501592708
2107152565
1195775768
2637105624
3289254797
3474692456
875009097
700615205
1467049976
1480770523
4151851297
4129754246
2532511114
2617867332
3640645733
367716714
2178449874
2820090499
451359521
2261711742
1006895550
1882097377
4100480590
4090415886
1735104519
4027248220
743207860
1679588312
2757129919
2281182055
6149552
3932445755
888343586
3507975496
3889437253
2804368687
2395307401
1850207572
1991173647
3183995805
621846365
3649160446
3310144751
3405432549
497202137
2772988964
2448835784
3510015206
4488290
3044359819
4240319939
3748743490
2054900373
2224218227
3762419516
1601209186
1381769201
461624047
2484947881
115001087
1809037226
2272296431
3938878051
1353851892
2245884118
2602638875
1057404916
2862642446
3588271806
920563946
451622687
2340281980
38374867
890194925
292331377
4135012810
868810517
120131153
1797118847
2761441834
1138832356
2191701527
170092062
3523568000
1657060498
3045390100
3690038109
4111327731
3294767352
1532511816
17628602
2008325578
3424685595
2034431179
993546782
275819016
2314143257
169167961
3488615850
225341067
1428282749
1231603161
2320537032
252701022
1884671842
1163780307
357152599
3494810355
2767521085
2396798269
1317318326
4190564171
1857404611
803915738
207758074
1531519274
619626351
133365194
3175831837
2326605559
2062197685
284033666
1654460040
779043633
2761594668
3945143667
3871973120
622724794
3865284108
290097725
2329802779
1867595013
1583758368
2203350312
1268455600
2372051367
532955737
1137370057
2343383519
1233782600
4294006553
392918482
3379081254
3489522347
807638745
71819161
766979994
842179386
1391723107
2493279029
259871787
4190500206
301592946
290351058
604866184
4279400257
1635903734
1982618451
2117545536
378442434
3762019576
4092571771
413105970
4005498235
920731891
3105928971
959401600
546971759
3610619411
338818951
1101407940
3634968923
3719917651
3045064702
3106129275
774917031
1061159436
1011197157
2861718613
4110238081
292864878
3539394821
4082445046
2310760588
3001982044
2185140753
222765451
703255782
968446466
3303749499
972360225
3825282052
2609802068
2683640230
3248585897
1129362215
473616150
1274523568
3069602862
1958650420
3148156448
3099681437
2929662871
1808500137
87878554
1241517616
889774356
1244078871
1269410462
3451532493
3591702984
1534090042
405019195
3725107516
410091657
33367528
177450632
1444106282
3827229415
778372505
1636887963
916802985
1926859455
778491693
389507995
2676795399
3653715589
3976488349
451225412
3740644916
3019265595
565718059
3459749602
3178839162
2890593774
720629517
1220677395
1513776179
20968322
702137652
4291437362
2243058358
2899160593
884503272
1128971763
696584575
3604652421
479329764
3626807512
3793545328
1675108403
101748276
4223434877
3152876754
3313414512
468541018
1953644652
1415977022
3633486886
4270939240
1722874912
2566871216
941192844
3173978827
2636384000
1156977648
1328286739
2426389544
527131345
2703228396
1527708987
2794306957
2875673629
1761758623
4073146580
1312883662
1044244425
79330275
1420977951
3458416684
2389077761
1367439800
1420441475
1860878324
1650765973
2203996684
470758954
1467209711
2736413696
4858058
4118657269
3123683159
3447602278
2106911985
2689126464
156099971
1573477498
548753624
751363304
1026713164
555029943
1572749761
2182539176
3654553870
2851323712
1922514228
1986730995
389494317
1609647254
630266952
855727026
55737598
2441250007
522892402
770660087
564213728
94042442
3091991567
484550962
1632994126
141541034
913429929
2678993711
1752055828
4260327664
3995884459
688282791
2941877545
2930549792
1614215669
2493739334
2505875144
3477738221
812387506
530276686
1543687208
3848502415
3355304048
3676435528
578230209
911409843
281958671
614005007
3134181598
494980513
2440007392
3204292650
236842825
3316186498
3709131482
1576884929
4062859764
2261189024
1033128368
1413223417
2083046727
2582783194
2082360761
534066086
1531027796
166339703
2226800029
1737027452
4023781926
1390939984
3868114254
2146011980
4074061089
2510116167
1039453967
1373893803
3452491772
2922468027
1332798148
2305959571
3695630028
3282508842
358428121
2790432400
3364238793
1152129815
550821463
2482444559
2916405315
2259991512
1735851917
3339323020
2871865048
3519832131
3151378993
396136932
2790633604
253340874
2026930551
2184258741
997101836
2655121161
2373681403
1616134146
7557658
462485932
2507266666
678901923
1686090092
3839104926
3298833747
2195493485
284077050
1568850859
627294601
3084082638
927403953
1279375199
1966230452
2433017589
2560687046
323536000
2173668545
3761739864
2837959716
559849421
907305551
2370761731
568654773
987142867
3004635948
4019339577
2002466533
1222731716
2709586952
4144558716
2930081912
990648845
3696610104
2075934293
809112623
3181957899
989941728
3013397946
2972021454
2315511994
1577283125
3069886539
2708638639
2948229166
2070992494
955183846
1528526993
3402900472
4064606681
785818647
528086869
2925370467
152373909
758141960
3255115602
190101268
1972876547
3658387497
2914869567
33088206
4236804251
2591242188
216354424
2042464194
904207779
306303841
2851120149
3414381385
2306113832
556926416
2896466737
2057595108
3879966638
4215121199
2314469059
2182710381
3583654290
345757786
2669854874
2480124396
2188157509
2969566044
3582840873
3388286924
1225605620
1874202185
1088866089
179356591
104236282
440556822
2765043959
363502624
2794343165
2748089350
3450390493
1737769478
3801896901
22725384
2252399052
3140866930
3124770274
1690660286
1044039771
671919144
4076751343
3784774365
126983488
1296701561
1956836375
2690204082
680420010
30609932
2960970286
2470617186
3956098231
1853502811
3210149297
1459484999
2063195806
2193725945
2311408350
3985715254
2719077816
751599454
2959613538
3336573953
1043595254
3880507722
3288732170
342344556
3854761393
1863189506
546928763
2276916902
1662185396
164580181
1925612546
954973952
2429158616
3535715855
1318082846
1587115626
3442341009
3065130130
986379693
623086916
1622698937
2490607656
3181310244
4056932837
2503553243
2385064750
1823528814
2156500017
2272192439
1275806394
2206792777
3232710811
2509819299
1448427864
766908479
2260013898
65385888
1168640463
1158843831
134905949
2231405413
1937916036
485774291
2590187611
85635654
370693394
4190898634
1155175390
614182164
1565712455
1463404180
233392262
3996463310
3762208329
1609988967
3109024366
493595827
1781323211
1009716811
3049901075
3332339758
725858152
2697184275
2862758940
2384575832
2191362999
65312778
149162500
4152769536
1516064490
4209978093
934015537
1979852522
2290089534
904895211
1852074664
1698067737
3204750537
4148950916
2337360451
3613189790
2076280290
1444095201
3046925270
1697357833
3008990962
834226328
1285635841
1859027306
2748031183
3011148559
2571500189
1836384997
3329839771
2812567078
2779549417
832751747
1341892466
835228168
3902615265
1684331158
1848055912
642872003
1847838353
971654538
701423972
2291292680
2075893025
2335469469
748939923
3662849283
873233771
3837568178
2320957671
1959469386
39100765
3870959146
642437317
2155950486
449448744
1106364161
367269404
18604677
3617579652
3883941786
2236669688
577897499
1560356770
3686945610
1193027872
702461969
3151825621
997767436
40944602
3932688114
2958618433
2492162886
605241762
312615778
1404830853
2589899445
1710756848
421725166
321519532
2471080098
2360809460
1560993769
1448293445
1914799872
813107575
1020071431
3079977649
3140535563
2845981750
1784011526
1791501957
1280452090
2415811593
287579971
1255137862
1898715755
2665596385
1263497945
4241896487
1115775015
3819099797
184734186
2987676797
251789760
3917858442
1525554738
3595698791
2944837846
707179187
2452154111
3678096318
1652276658
3272506024
2717431680
2143282996
3184115899
109695750
194024030
1796029905
4243163954
2009351049
816967293
3335674430
2178341695
3762932968
1291342544
4090527546
3120752690
1823205914
1366536706
86401631
2620110259
3437732371
1337985865
4140816552
746218202
568822473
4065374297
395159878
2792626614
175476033
1789004635
588342580
3631330816
3873816214
77070579
538347376
1050576572
4235899572
136711260
3707965283
3513512081
1326586869
1534954937
2192816400
1660496699
3124096054
2493632931
3047579554
1936250493
2661400174
1780100640
2972225105
2715718003
2164695485
1190826537
1344362815
382488742
1821408804
2808427016
606059618
1628240983
3396650851
971322932
580272300
3921067180
2712041694
3651655710
3991127801
1404382012
1581587022
3753403672
1168259065
1260515635
2954253967
2853479775
3583299771
2352692008
3776263714
222002939
2567308948
1145854489
2256195132
2993128931
1340964893
2616226077
1583102116
1423611764
3509757297
1466283283
1079670112
3027287381
1112162639
2496422592
1867283300
991727965
1071473003
1561911669
4184765521
2536472603
4246592995
3028604267
3368478647
1628696681
587374194
3222741689
2168337434
2098226836
1703816589
3531381152
12759568
162111852
3600725932
3136040273
15766203
3118422954
2975492854
3869845503
4013676946
3741093570
3861316389
2477784242
4038887279
761815193
59659693
4032910682
1137812796
2601050385
1111971011
1634254625
2709432600
1732828707
4279789237
251809538
383616836
1161186495
2989463434
1177336304
3284560409
2418810322
1844840100
3026092565
2100357277
3037797068
2455153470
1705119119
1350130979
3672773698
1242549254
3627260535
2476990
2568153896
3426617003
3511830923
879977360
1579044265
781724551
3269617847
1748129342
1539128710
883619675
610468746
1013831137
698164567
3750487068
3906991068
2186074340
3184388194
2885220378
2467867192
3168422715
705497659
1944576092
1919185973
2036898948
3788605120
1011133819
2499258409
68007838
37597349
1060929498
668137372
3160024055
2948305673
425545541
4067232496
976093068
3908076167
951733444
3295063034
552963554
1572671225
259611755
1709871510
2220317340
1875076068
331077752
1061489634
2775783576
1482291031
1124503250
511563248
4129554000
6917722
1631282535
2243125812
3281586577
1958741146
588248052
1611512159
2494896715
3558961064
607745929
1902067867
639082508
2945206360
4146842277
4015271980
1878043813
4003566964
312387438
125374284
206035974
527429559
859365508
2012083990
2496082892
966183009
2798106660
4214837465
2519824868
1483414008
1957872752
310741918
3271966958
918958124
302731086
3576023918
168632725
1421912383
982878699
3975683548
4000345697
455191341
1969816166
1638796894
3145576593
651930906
2892880468
1382832125
566806910
1699172349
2375766701
3114258824
282154404
729802855
3260084322
950969237
2207403353
806778364
2966255233
1955111191
2842183697
3555016337
2664283543
1094139278
3411535133
1718788917
355337831
3787746868
2755089453
1706925765
3550787866
2731171393
3244225270
978491373
3579814806
2426508605
3999784617
2878744087
1718032991
510309408
1247522712
305644092
3193758690
1426182268
3366154959
2680059217
2069045002
3751965190
2499589250
1714184290
2484858880
2314314640
3920903647
3659795942
3046433363
367221583
3841067844
3602767093
2873976725
2950204459
3448838726
2148463341
883827990
3899671553
61591358
3679083552
2920878860
2434218166
2755509015
3217818525
3262323452
1298956199
694116925
799138240
1612030692
2641142305
550753702
146313073
1824203031
2921968080
1523792693
554947079
1196350032
1148077188
3266608841
975667648
2658785396
3990328406
2889626378
3450389516
2057519213
4133997099
2998048585
1385609560
4067395283
2072841507
297556408
1538237635
2077547369
914600042
3284075095
651601396
1079641765
1429107181
936867644
4022795322
1833168665
2749453382
20787441
3661982080
4020373067
2092516424
43435369
1601354266
3202854034
1820908565
2362969175
744784589
3950251477
4256530762
2132240100
3738019592
1220960826
2940490
3259864282
2786484082
3423870700
641959847
1587333058
2440577517
1305553503
2722809685
2220274565
2635813416
902346601
2551198298
1605223037
2273229543
621089023
713242996
583242827
2713321902
2449833767
494410675
1295221960
3171530690
1412871586
840707817
2551850444
2041425499
1228166883
2542273210
3666033422
1752464649
1161722926
2895545757
2675383327
2139260338
2332126533
2142422775
3971674485
265499375
1212235041
2034547485
2277930432
3351902076
2626298763
4160087060
2143440165
1560332120
3451124965
1720525256
1265290830
2874876678
2934949571
97658067
2789116513
3635841278
2473069649
2282045406
3450149444
2235011861
214249896
2207956926
2015708329
2860191185
2292586260
3670232436
1121945512
1990420506
2765720355
2792050840
508008490
2859646834
3589290498
3760390476
4172071408
3873331205
914648116
1876085712
1947583273
1412621827
4210840465
1067432904
1493592296
3864859019
194308298
1718489792
1865111466
2963676697
2802017348
2775954761
1078496817
519997775
2013550510
2987236856
1673942922
800363493
2669182988
4207092687
3588751674
3841025631
3848308059
2962833967
1574790782
2913824547
1993951071
300866076
487388487
1171673163
1562365688
281538148
862849951
2562915583
2817902052
1492567716
2621882977
2600408677
2397006899
1532307754
2422774667
3496703071
1231032586
3371339738
4090413818
1201859324
3174821673
2007342553
2180921824
3783517356
4011462533
2095649009
1211050615
4275783150
3177555845
2793032695
4115990482
2447942718
2039127536
1051238312
1892696777
4139826534
1050030852
467403054
436853456
480480286
3758144119
267639143
4079743459
120012463
252657047
2673091571
1342838277
1419897057
2613132206
1313523224
4262005897
2475134851
1756171195
1370882246
3880758644
766152836
1333312394
290992042
1625752008
4120560043
677295150
1092071534
4043954711
381801436
2065681595
4172938401
862203033
106137418
3925770144
2582677619
2790960921
1799699102
3799474676
1617600690
2651498381
855920680
3462777942
1320629625
2352676332
4212877909
2530560673
375976363
3991141401
3304157299
497212998
1143183982
3630848268
409299412
1757680371
1471263220
3201499536
1992123230
162081567
482534437
1014833374
1398640251
2036556634
1474921487
1459984379
1758488748
1029055585
1884577375
2693490114
1860848433
732590577
3018560940
4280090511
3912022970
937701146
2387067861
668255006
1436247837
122779099
3578271220
2278644559
1320060139
4200350610
2570224894
777139308
1222784389
577826858
889685486
2654112045
3367908190
2939418364
3568967499
3068060316
2063999689
3980466339
3337678501
2257345731
4282259534
1612580522
491424621
3857857874
593777744
2076190809
3525998126
372311800
794829333
3541896195
3935789874
1884442648
1588071685
843688444
1816512235
3447229131
2316468823
1964850729
3608479219
393785834
2053556295
2603219072
2129237952
3251822163
664949624
446555840
3879346169
3183366667
228552966
3611577198
1398852504
601393273
1418456346
612868896
3006417857
1932184165
2107022272
283963639
2594878082
3256203754
2301803938
98018190
3314243950
2861576338
3551112601
3728987947
2385696062
963686547
14925566
386697399
415416901
874309753
563556519
1291369651
681522976
3788393221
3087585735
3745602643
3285454269
3368161832
1483050742
3637669755
3191294762
553562043
1923327751
1842415068
3669221679
3036928193
3242913817
3424186089
3982166247
3509730758
1658281022
393272672
1829099659
2000081739
3773002387
170005585
2913636285
3380728082
3193743688
153014681
2316357159
3848957442
1999446751
3753832862
4038161448
448980631
3755054202
2475715259
3268288872
483234475
2819303553
334656532
3717240130
1887672794
1252810570
2434946834
3471694970
797079987
2936479832
3951460462
1237298136
3380596291
3101411077
1569366782
2619738209
3055719791
2188435307
2416098566
1066344034
3665424947
3101416947
588797381
2343134865
1117950936
2637451213
1008739656
1471341729
3478897751
3612100247
815694204
4148830251
4198971240
3028134104
299229168
586627449
3150083042
71315474
4135705781
1095083151
3983471461
608158480
922936335
2018985502
4062062514
857750067
4210924881
2407887618
334102907
1191847110
1729603465
3056257955
2960598371
1902228816
1479744490
418049496
3058295761
1437827035
1289020351
2780763948
208842715
521194608
2526028069
1269381752
113055635
2861876453
3480519959
3417627720
448561850
179465488
1557249350
4055030801
3354667718
2997564377
3174929985
2094446098
1952584666
1217807449
2388297869
3937314355
499480292
292471007
576242879
3605566986
4089348739
4125947124
3392581011
3521556503
2259849533
1013529389
487478443
1194492170
2426512913
2738315639
2095697826
1195129695
1994550680
1899394062
3514264445
2209061785
2896115267
1922970071
3224558342
3337199814
359993040
473357099
2899485025
1433021525
2945080442
2641871034
255801619
2736731777
1717192946
2313734298
488407095
1884539087
1863481669
799121390
3190729944
1496391933
1888541689
3514729958
869006321
4008855074
2420370150
2498969360
4059962607
598432719
918599115
3844681649
2655822639
3268810364
1963106728
204753719
3350150661
1820731108
606665131
704758521
2751942802
3848920079
3286359405
2459992666
1175049864
2260152739
1146797451
921525941
2969845753
3829675216
3810156404
3299525498
4072782070
2410984852
1868388714
1322922364
1866489190
1260648958
2959742962
1783658290
1410101583
4287337138
4006609702
384613663
132232452
1344997907
3066525160
1865779605
3143457736
604851474
1715976743
3340848943
3250815406
1600198012
4078572269
2781302682
1822860528
3029272251
2302076760
258761662
2388572296
1782963712
3445444978
1746695131
818567162
1949456140
3806921770
3023128669
490844251
1213741984
783085109
1905651219
2333549725
841994538
4246893944
769012838
3031393081
2671642162
3936173948
2174205240
349795065
3218412437
152628477
1137133263
3780179381
555605535
3109261315
1662192219
2455627222
3734143607
3151466443
3402163303
872392630
321823132
702446117
2498282368
2403578458
2421119078
852714867
579360079
3517806422
3418545179
109637408
1307189348
236373439
1244537467
3043639081
1768750855
690463332
1744582263
3762446052
2278600270
3929657146
1809928055
705901057
1859624908
2258312576
2627689516
459180272
4266572866
2400671093
3777844925
940522368
2466000358
886859183
3792719215
1222500983
2730048664
4035048342
251947993
3483822193
4253512219
3320626804
3717917462
3038213802
2263071396
878178492
1334850277
472361388
635674914
3709309178
3214003558
14430740
3593780276
3564203712
1774676513
351081994
2129958339
2243560169
3207280143
3328976243
1604268812
1178494253
1781051357
1348465656
1964161380
1713301249
2484486289
2051840190
4181807820
3955954241
3157166929
12930901
691195342
1844098574
2419428056
2785041846
2021158348
3659999664
2670153121
3958178661
3139142418
3038764743
1264369234
3962450408
2119247763
4178912819
431838890
1527736491
4134702891
696694140
4041393511
2791116895
3598849875
2157950610
3197281629
1154083870
712999064
3360721071
2591177281
2822376893
2556249786
3550841078
3316831490
2281564652
734753971
2391121516
1494578281
2600891926
879205026
1202558491
3191263807
2896269010
204704259
1518023865
998300396
1153740138
219906808
2909525893
3005603578
2469309048
3592917107
3375683693
3332571661
2491839975
4143350819
509425365
87631675
2739024762
1822297962
1359207657
3862261425
961357428
1123130840
2998095043
1926862676
337509645
1190322210
3979192591
4164249555
402297318
3339349117
4234530013
2367295630
1392087154
908605855
2756801623
3137432429
588698386
1788728926
2536164838
221395700
1859695083
3556153732
215689048
867848704
19647267
1851168332
2609790903
1795454025
3930631959
348035098
733610507
633691016
980287948
2238924654
3918234616
850679872
1808606637
653062890
538294498
3036384734
1694214906
903943961
4217205189
2700245165
3180287965
1714338309
4179515421
2736366284
765074931
1712264481
399403742
3497910898
1163532867
958303604
3710145902
573338708
3800319102
3533057779
2570040235
4059351698
1829359501
3455072657
3423378209
444709815
3083204034
2140795055
3726566965
301785521
2125335248
2457958509
1984622295
1944705947
4290442834
3592065286
3331709484
2375474547
320956380
1802804453
1225932255
4159765953
1227866267
206324155
633398421
3380969141
2145213900
488345377
801890487
2451545675
2050810269
3395476318
866177988
160571568
1330742560
2698713463
95353913
2642981986
4227702209
1249999536
2356872364
2234744574
1170320024
3383298642
2204677410
4293187818
3209650500
707925714
3988654942
2462793658
993478206
3216585467
3636661381
3718318359
3100807952
3503465880
533670638
1857776512
3957227834
3702162356
1072555971
2966340622
706098323
1906148948
2289267851
3445665372
2257093900
774736133
1512610043
1244328544
2651379764
1178721134
134534244
2795916839
3276440835
313510560
255642314
4257566823
1470151663
1435317323
1475066537
3099599406
1032993521
3575790187
1216898427
1082008906
2933543563
1503805833
1224522183
2234933605
2939503826
1392422603
154379280
1342675234
3138114253
1652151011
3689364470
2121321684
3484755481
358453236
2471416183
4290319772
408338297
3319312
1593022148
1202407735
1632864516
2228244682
372517116
3782412060
580965266
266826357
2822287536
716702509
2045656349
382632269
2046447045
1920177311
904706831
3735899808
630066550
2737738909
219328660
1240829593
3999429507
822343793
3341167311
926860547
3743736548
3796884295
3658800955
751076852
1130054826
2332716055
3930120983
2506312892
3166145894
3080574090
2664786204
1509059646
2526092497
3840421267
1482173937
4147129699
1916682977
599555902
4089936532
1433914579
2379061749
1628611636
1610537561
2226965311
1598510662
767702392
753259624
1108526775
1446985473
2193302919
2219871654
730659961
24959080
2254291882
3643202542
2860525949
129701947
1333304506
1693591588
2415009301
2024984223
1124162160
4021550490
3939242426
3156535039
1584157414
3199789127
2442505941
2062821164
3143790354
1135148332
806344211
3126370254
202033513
1327307896
4284984425
1002771494
191755827
3903609395
3746941311
4121885584
3312790130
1350451853
2651453165
559552540
1079056952
2401729447
1740343444
2146355936
1436987950
1807468165
603943431
2923745897
1249355594
708721752
1531661622
304763062
3014031346
2112394215
3275559999
279372005
464253933
3546448684
1743276484
652877440
3979603659
198845086
1842066446
1406416167
2384764921
1224806689
1495462740
3282671308
2195354224
2074553757
178483808
3610820725
184471724
1350275017
2239673547
1364572713
3591080569
973320084
1967249503
1273301070
241107716
2771112646
3464588252
4084440384
2510736156
3751093816
1569001123
3840369829
3489098427
545099428
1407199035
2750488170
1436239917
3105346966
702311341
334991220
13815644
184308823
3225750941
4016221091
511650669
2906332866
444260278
1159526711
1790524672
92974798
2370916602
4284019936
3009859620
573355138
3193737798
3178714034
2394286348
158968449
3451839667
3225761327
3629772068
3344240208
3662613276
828267509
2928014079
624316049
587801500
2866921389
449025916
4280530521
253871630
3733049831
302758670
157548070
1743088673
951505378
673511015
4063068367
1686500121
141318895
3913646681
3463584710
2845382420
3695051088
4034669234
1205586342
1697013377
2580111023
4030429100
4140434485
23502450
1486985660
236868862
2893665067
2390232735
520880793
1524666492
2394636740
4168747600
1034436268
4185495732
478620933
4142634405
150714773
3037661302
466347720
306457556
2196360248
1556496443
1653303947
1615557122
2947520384
1987904713
2384522516
2479279726
1515938983
2380674166
1879247186
3040491686
528444762
3083292699
1682771413
2914651957
2941967109
1738867260
2200251981
3323770008
44069890
1099657123
3834040468
1301976672
3050442515
1121387219
2206166946
4052652024
3234279210
1656330356
2684457182
2425076598
1445406681
1717806586
1460604209
522288027
1757477786
4037513883
3637406018
1444392950
3105037309
2953290699
3240051542
494906708
4051036259
4132213764
1481484171
4175278396
2701940420
1144712237
3127504488
3336940489
628266098
4076491863
1988636739
3793737340
4189855518
3594123771
3784740035
3529214202
3597347807
2231014863
2687099903
4169822574
1262174612
754803923
1992704408
773849632
3863964507
3235475716
2423681692
2240880173
2900255302
894741975
356441022
3025202062
1994768860
4261720770
2475059954
2039374783
1854470464
1524952858
1414021351
23467850
3180698580
4145096878
2469046024
817612985
667646841
3893317527
3845038773
2684359157
1494625383
3418378830
3924081256
3390411543
1051285328
3911227478
1961494315
1051287165
2154776813
99527608
1252224455
3510915803
4184046026
3255680704
2328823847
3127690478
1581659878
1542874178
3193317051
1710677557
2227530698
1576476168
3207592096
3022842327
740515386
1718738263
3269181221
3229394046
3378394482
4274942375
4073730903
1117499353
3742151799
3879795867
1814763145
865088673
2031603072
1158104545
4270150651
1347870126
1223602636
3117295870
3770661376
2349870057
3970780085
4109871248
1482653079
919855451
2921179698
1245117394
3667267030
4193543696
4191871904
1121996974
582848562
2244199165
2740931673
4268946496
393394619
1563987927
3750694032
4223436093
3338241510
3137245810
865645800
4215983309
2489215929
4242884542
3375782484
3340453456
932952292
3436910041
1798345655
3342602008
3731697182
3545383611
1135489997
515152336
2916779277
2547573607
3162942141
424042368
2621555326
2169179326
3591698383
1686078388
1989755087
3525702959
4054261113
2705090740
4000209924
244452037
2981394352
3358138240
3138470813
3505011126
70833775
2505724533
2247045813
534505995
4068578383
2218715882
1841112030
3057324445
2326963903
373003724
211766005
1174144258
48820144
2652423972
2004174885
3496232628
832283625
123317243
776326539
615861054
305828618
3191943098
985898274
3446373076
3007772637
2754504360
3072536899
896162205
1534495543
3830056033
2532998575
2567826506
1280958027
629159620
2551960624
103669967
60071366
2680027774
2485934106
1622973980
2837147413
2131760857
44683261
440599080
4169944179
3282780626
470390155
2587475728
4052167678
298160115
2422885062
2605245454
675260279
3682135730
2173298751
4021016145
2579187336
1222749344
2253736613
372000892
3230443900
3739530902
3620286278
2245353388
1753112641
714370068
791848216
997771751
4156843076
2194080554
1768829785
2602343541
801180479
3043149516
1958185853
724951119
169232289
2667943378
3603996850
2493692110
136379678
417054720
2074430295
2621877713
2776274494
2759460210
1618511289
3168001360
2022896707
3520801359
1745724329
1469268145
12257458
3992957372
317554832
1940882903
1197141653
1664575044
2577155754
1461766718
1578584836
3066384038
1173831176
1389077729
1386709508
568771983
427420408
2383697632
3986713238
337534348
1650755841
1948639207
1397450278
4170405206
4122215399
2107707031
2532464153
2569311932
647346587
3810049437
2295360617
798336439
3988074568
1835410992
1462156264
3023158110
1029524516
2543814268
3535290973
2352094150
3722732771
2191135334
3725905099
884376802
2232887262
241580974
3380821948
1131413056
3785421802
1687680919
2067003729
523202693
3343539724
2559593988
2900899347
2003679890
3172612288
1352099065
3278024193
128050822
1335559300
2544999624
4045194257
1452422325
1355888648
2794816503
1285414508
1071630642
2159399181
3851927833
2679745187
180190705
2497109791
3081017505
4158058487
1735636692
3503932053
952843494
2028504862
1433867511
3902085204
791164967
2436988962
25007586
3253213505
541744651
410722852
2352694312
1036798234
987592478
2808171664
2043013824
3310127335
2474738420
393431624
104806284
974903429
3246206889
1614302830
4114191218
2630398493
2083758916
1049703288
3209642090
541815578
1110289735
2885626603
1995777488
4263747483
3987350867
3376170582
2516045813
2240833754
115806823
278287640
2668673750
2469601555
4267302917
3401548998
17792119
1778949161
1001540958
331346799
3710324192
1086796266
883162476
1323329022
350845664
2562796039
2206274082
2805544389
3622721490
2167308068
1509295189
3755767322
2307065560
568803466
725399382
3529608219
2623455373
2794003865
1992480128
2560588938
2585035598
3012128526
4179888654
3295645905
4191937751
3622370754
1797588928
939488191
1006609318
102387984
3203618231
3152775110
293755696
4104727135
924732636
1055624058
2123273582
3540659054
568963329
1384365152
4116188382
3002032327
1061856916
2293209774
3400189359
1982790179
1611543716
776201065
1465164752
752675812
2614057006
3914827884
3796819952
3344166889
2637777815
4071137990
3809095055
3132919382
3662509185
3418905806
1489160728
3544399838
23307008
261601274
2710300974
1046300623
1383148918
2524651948
4250279250
3318122596
3680393938
3598095799
3006778936
4118754844
973206342
2051151591
4176337460
4114539291
3660273071
2947486372
1500939069
1738815368
1653610905
2728287065
2952332703
2872224831
1062655743
1804446850
1523163060
1998213788
463199081
3434824521
4271021742
1558022221
1008963491
900594243
74865514
381471569
2525517614
1448719852
78642290
2733264611
2710162504
2758197258
2268745361
2841455415
1510525867
396285254
1411358599
524197704
533913513
1260528908
2809072152
3676148224
1817366970
1030627910
1322457659
3740628792
176227929
4054211228
3011714363
1247210830
657865818
2880824599
2523109561
2735332770
4277573594
622295764
736293064
2177330339
2419220916
2680150739
1701785934
1110620701
4116035894
248118164
504469803
1990697863
1891316372
208520329
1195626085
341295865
1084019482
1380869667
3456351668
3593141035
3814186268
4254485385
3924960819
2070526597
336508436
1365255334
2741149498
1419994
1463973833
838091911
3625732781
1830705640
3299694847
70506997
2829128481
991451790
1229271545
1897124916
3050112199
1752724333
2916088638
1488868352
1224556615
2679998229
3353172747
1073802908
71709086
3613001229
1363264203
1206898620
492250109
3076540311
3700532855
3083988634
3531096474
3080129111
2577731719
4085744813
505245751
979794782
3572991717
1893939011
61262445
1670676496
1433197071
868604201
2053522075
4013846067
3320811520
1447902502
3031667765
2560399171
19838073
3267351027
306195131
1708752941
4209754612
684091740
172935871
3622124333
567711331
3193684634
29851498
3231460962
3426575670
2543611880
2896568975
3133271655
3708747632
1813191289
1003425302
469381542
4264164258
3567092390
1874671588
4261368647
1846980196
4079746738
4267375904
2181681720
2275029139
2623456405
3252179939
3869227372
1866594510
3771411887
2349658397
1546879603
842900614
2205700555
4202289682
3026766998
1681580291
2028549985
4098806690
316164905
550401836
599184798
1120585818
3002001288
3568256885
3693205305
589710482
2066691969
1800242461
3947676118
1471624250
911236990
492893232
2569817507
1969487159
2753944043
2965609817
1963964874
249008753
451651160
432428077
526334591
4069927816
1312000635
3537612448
3861977359
4041067655
1321322746
718100988
3545617793
4048946948
2572344267
3357138408
1050383767
3693431843
2475254987
201459848
310196358
3504229520
3804205888
2056383459
1600426469
3140019136
2718747006
2508306033
3238590421
3543526622
3830052510
1678783615
421854805
3746136515
4138462116
3490037122
3937167469
2102919218
372911686
3752891901
2689596551
712114710
2707529328
2010745145
768465773
430996171
2873894591
778691789
1337873594
4001296854
3188771122
1377569717
2395211603
2692390546
585516384
827554541
574921800
349449767
995799641
461497978
90698972
195649937
1224896448
2648870114
2151890886
53348418
575302107
1477210416
802881870
3517265715
67598360
2056297164
3400252451
96292120
4275307633
143289150
3169618184
81190798
3076421549
736615204
932710857
1606299681
3612642571
3964697819
892020431
3372166539
1328788810
396532366
2839742958
4046901470
1038423948
4171712881
1339554253
1972019174
1728289210
2553973997
187903923
1274962867
2995167590
2568721404
17464968
1848160658
4175910381
784498188
3438128379
2033893657
2144727408
836240838
2667120841
3968983183
3312687022
486598199
4045567963
855077030
1633312986
4136609846
645020858
2980483923
217251597
4200105638
287502181
625375248
3074683466
3470879502
736329040
2587098658
2579370053
3722303475
2748304920
1879410123
623192086
3104161314
899700386
2533159544
1286107430
1258267159
3101689064
209444250
3176415126
3077743333
4122200182
3524579754
2709889760
3501735649
62724346
1178458246
4030910899
3164815777
202801220
3692679768
2918493980
4046209726
2121284477
1348508088
2911187719
3849784024
2545223314
4159955032
2175227380
251094501
966494917
26707440
4211386564
2034958818
2304775897
2567586266
1337606787
2653848985
4148706022
3457718297
1164099222
3956647443
2024901596
2925037579
3407330525
1145819288
2310399790
3010488661
3035010538
2909438569
1439345636
1286409981
2192190941
3700388089
272396856
185254145
3389937417
4113411227
3168959730
233256329
1739265691
637388839
3821378441
2117238621
185056744
3003441771
2643570797
3113969577
335695697
1826996395
505652638
2117492181
647820736
241053047
3724453573
679688898
1134987184
3393341297
2730485787
4192503934
993583011
3968851775
1539958605
648198024
1131661742
4022989676
2068868503
992036328
1372947559
3801195067
2259091514
3089967328
2293801119
2033856840
3939114846
2547649084
756248556
60674044
918467819
2104844789
2857127868
2561668289
3331923289
1864077351
3942449280
2267940600
1919148830
431938102
3465172374
3103228826
867844522
2450419017
566947135
1786323425
1612232333
2391771487
1793934820
1789263000
2422224626
1749061849
3192309933
138608485
3406244736
2398617075
2853197180
3168414391
2241738566
187287516
1821155555
2047764137
3928192341
595980835
3737760655
1470415701
240132224
3012704489
1577410735
2903529995
3051708617
3092139428
2444645254
3644662134
4068693735
998633055
2548005149
4003398562
2080508640
2415532081
1629459064
3891018400
882480975
947392138
2654055708
2158120351
2379466760
1866277069
955386420
3742970285
3083386116
1553493991
2741459098
2521271497
1012985270
2409092490
4123636504
824882543
3626735284
351060776
2900490103
664067136
4044675589
937026819
2431520252
3967951345
3147059679
2268192936
6079786
2863970535
2773953008
3997053889
1941663574
2496444752
3294695882
2292379963
1783664470
1875870853
975533470
827208318
3799507887
3230195592
4190196897
2831340155
4169651316
1768434901
2446460911
380839295
2327484504
2892766725
2430891058
772373282
3365843727
13805593
542897168
200476906
2989880119
1483747048
2562822931
3054081528
4015979922
523140968
4174597496
474438858
1957401554
3909461001
1438077387
3024956582
1851591745
801616031
4055383312
942796822
3098170816
1810277972
3017667668
2131845297
1918042239
1670803097
2692509333
1397875364
3045004853
1826125505
3027475592
1759785888
3444906989
3794296019
98410414
3309580534
4220672255
3926208625
3566849581
36566168
3114227712
1417389006
625662223
1260300563
3125777479
2707294185
1073447349
1710826918
1630251386
3624062560
1653310031
1224894898
3752356983
1658735255
2326920493
1272277719
2410396440
3111389851
2867350079
315554474
801897094
1376096032
2413048776
1959630044
889907164
270178988
1104680200
2847712786
1040777824
2907983045
4026736370
2485243334
2589889065
4050525560
2699302260
3792059244
86814043
3012139583
2949052844
3953326338
2398400189
1401129707
3213989477
2007222658
2876576035
1392357929
3643280331
3090822760
297841229
3928300174
3703175504
2220741122
3789653522
1919070607
2504002187
2305338380
1634702124
2944574320
290125740
2963562594
2106261694
3197167054
1341199325
3815064323
334607126
1778079510
635589445
30077239
1456242380
94903399
1421179082
1573675362
2160256309
3445402995
2426775792
1679664741
206774556
2308608707
73170373
31841649
1130568651
1655376767
2379581884
1423431673
3558637650
3099444177
1809085528
2034559043
1367215648
645895924
3715135759
720136827
2145187275
817162847
743398822
1518041030
894130784
838370362
2773754608
4143174920
894906622
1816647050
1914327866
1260836188
1400667849
1037541940
3800081921
76096957
3526840422
3535309672
159193366
1791758592
2763960978
2029004327
655098104
4168724211
1416639037
3602374925
798069439
4185200848
1085505066
2976903879
2916437600
3198099241
2117793108
1025123361
1761156490
1438049991
955245555
4271153265
441578996
1542998474
2352259285
3480789367
3754208932
3518833830
2400254216
1216309
2688628695
2384532289
4212008089
3374714634
1065410124
3493058539
1081409396
1544397322
3924910540
2327660298
4134175118
2271940288
1827928966
2210366994
4149953817
2923146821
1789272190
2893401462
755902258
2864505246
2040519169
2097916853
3066883588
1033743811
1438954592
591524953
1625478981
3377490111
409191064
2238564999
2544337742
300035840
2293320555
3409213089
3613705103
3022207841
183800411
4276080277
649367993
3174981105
1887430341
685399561
2744103808
2816620119
3555414123
1541417085
2867145997
3037389733
2514516825
1765480913
3571003750
1163031624
4246506909
1566230878
1426815791
1227031237
1542210589
492547127
1185466158
2318997812
3638231291
1878127143
755097475
539097896
603391820
1107835190
1665855913
2906468086
479827055
1091062602
2475151509
1456924065
365442684
918391713
1304071942
1999814854
1809668674
3290345585
3931330003
2454874172
2231649283
4219606732
4159699217
3023217300
3876231590
2517996347
206006439
4191084479
2455157769
3336840680
3328144131
1325112873
3979039704
1601879244
2347257858
2303629628
20989840
2620978225
2570408235
2310974203
2356861393
1588498470
1515513882
1108526612
3246414511
728335172
3743316015
1240644466
3405253004
2911620067
3272761240
2724230481
1302156159
2630342679
4190830636
1641533199
88487118
866970104
1471519514
3934862285
862213000
3089096395
1273297745
261926443
2271540844
3359515450
3399900179
1607382349
2634045451
981645487
331617421
3781320833
2591871657
3374732458
2689002307
1905741537
3467517534
1808004531
2677758411
2645652037
287573008
3606750826
3858885654
2509319348
1956404152
2614623757
970255512
2054177061
3309077068
321384850
1548717105
2304372701
2731148762
1851705753
914415817
2722676197
4003347310
566977872
228200581
1051810445
3874532727
208656680
2240866402
878707298
2719946696
562143738
977610852
1145456434
3695808604
3987620564
2669762120
1784953653
